2.400000000000000000e+03 2.200000000000000000e+03 3.600000000000000000e+03 2.200000000000000000e+03 3.000000000000000000e+03 1.800000000000000000e+03 2.600000000000000000e+03 2.200000000000000000e+03 2.600000000000000000e+03 4.200000000000000000e+03 3.000000000000000000e+03 3.200000000000000000e+03 4.400000000000000000e+03 2.200000000000000000e+03 1.800000000000000000e+03 2.800000000000000000e+03 2.200000000000000000e+03 3.600000000000000000e+03 2.200000000000000000e+03 2.400000000000000000e+03 2.000000000000000000e+03
2.800000000000000000e+03 2.400000000000000000e+03 2.400000000000000000e+03 1.000000000000000000e+03 2.000000000000000000e+03 3.000000000000000000e+03 3.400000000000000000e+03 2.200000000000000000e+03 3.200000000000000000e+03 3.600000000000000000e+03 3.200000000000000000e+03 1.800000000000000000e+03 2.400000000000000000e+03 3.000000000000000000e+03 4.000000000000000000e+03 1.600000000000000000e+03 3.200000000000000000e+03 1.600000000000000000e+03 4.200000000000000000e+03 2.400000000000000000e+03 1.400000000000000000e+03
2.200000000000000000e+03 1.600000000000000000e+03 3.400000000000000000e+03 2.000000000000000000e+03 1.400000000000000000e+03 2.000000000000000000e+03 4.200000000000000000e+03 1.800000000000000000e+03 1.800000000000000000e+03 2.800000000000000000e+03 2.800000000000000000e+03 3.000000000000000000e+03 4.000000000000000000e+03 2.400000000000000000e+03 2.600000000000000000e+03 1.800000000000000000e+03 2.200000000000000000e+03 1.400000000000000000e+03 2.800000000000000000e+03 3.200000000000000000e+03 3.000000000000000000e+03
4.400000000000000000e+03 3.600000000000000000e+03 2.600000000000000000e+03 2.400000000000000000e+03 2.800000000000000000e+03 2.800000000000000000e+03 5.200000000000000000e+03 4.600000000000000000e+03 3.600000000000000000e+03 3.600000000000000000e+03 2.000000000000000000e+03 2.800000000000000000e+03 4.800000000000000000e+03 3.400000000000000000e+03 2.600000000000000000e+03 2.400000000000000000e+03 2.600000000000000000e+03 3.400000000000000000e+03 3.200000000000000000e+03 2.000000000000000000e+03 3.000000000000000000e+03
4.000000000000000000e+03 3.000000000000000000e+03 2.800000000000000000e+03 3.400000000000000000e+03 3.600000000000000000e+03 4.400000000000000000e+03 3.600000000000000000e+03 4.200000000000000000e+03 6.400000000000000000e+03 5.400000000000000000e+03 5.800000000000000000e+03 3.800000000000000000e+03 1.800000000000000000e+03 3.600000000000000000e+03 3.200000000000000000e+03 3.200000000000000000e+03 3.000000000000000000e+03 2.800000000000000000e+03 2.800000000000000000e+03 3.200000000000000000e+03 3.600000000000000000e+03
4.400000000000000000e+03 4.000000000000000000e+03 2.800000000000000000e+03 2.200000000000000000e+03 3.800000000000000000e+03 6.000000000000000000e+03 6.800000000000000000e+03 8.600000000000000000e+03 5.600000000000000000e+03 7.400000000000000000e+03 5.400000000000000000e+03 6.000000000000000000e+03 4.800000000000000000e+03 2.600000000000000000e+03 2.400000000000000000e+03 1.800000000000000000e+03 3.000000000000000000e+03 2.400000000000000000e+03 3.000000000000000000e+03 3.000000000000000000e+03 1.800000000000000000e+03
2.000000000000000000e+03 1.800000000000000000e+03 3.800000000000000000e+03 5.200000000000000000e+03 6.200000000000000000e+03 8.800000000000000000e+03 1.220000000000000000e+04 9.000000000000000000e+03 6.600000000000000000e+03 6.000000000000000000e+03 6.800000000000000000e+03 8.800000000000000000e+03 8.600000000000000000e+03 3.800000000000000000e+03 3.400000000000000000e+03 3.000000000000000000e+03 2.800000000000000000e+03 3.200000000000000000e+03 3.200000000000000000e+03 2.200000000000000000e+03 3.600000000000000000e+03
2.800000000000000000e+03 3.000000000000000000e+03 2.200000000000000000e+03 5.400000000000000000e+03 8.800000000000000000e+03 1.160000000000000000e+04 8.200000000000000000e+03 4.800000000000000000e+03 2.600000000000000000e+03 6.000000000000000000e+03 6.200000000000000000e+03 8.600000000000000000e+03 9.800000000000000000e+03 6.400000000000000000e+03 4.000000000000000000e+03 3.400000000000000000e+03 3.200000000000000000e+03 3.800000000000000000e+03 3.200000000000000000e+03 2.800000000000000000e+03 2.600000000000000000e+03
4.400000000000000000e+03 3.200000000000000000e+03 2.800000000000000000e+03 6.800000000000000000e+03 7.400000000000000000e+03 8.400000000000000000e+03 5.800000000000000000e+03 1.040000000000000000e+04 2.440000000000000000e+04 3.120000000000000000e+04 2.560000000000000000e+04 9.800000000000000000e+03 1.040000000000000000e+04 1.060000000000000000e+04 8.000000000000000000e+03 3.200000000000000000e+03 3.600000000000000000e+03 2.200000000000000000e+03 2.600000000000000000e+03 2.400000000000000000e+03 3.200000000000000000e+03
4.000000000000000000e+03 1.800000000000000000e+03 3.200000000000000000e+03 7.400000000000000000e+03 1.520000000000000000e+04 7.400000000000000000e+03 4.800000000000000000e+03 3.420000000000000000e+04 5.760000000000000000e+04 6.040000000000000000e+04 4.760000000000000000e+04 2.280000000000000000e+04 9.400000000000000000e+03 1.100000000000000000e+04 1.040000000000000000e+04 4.000000000000000000e+03 3.400000000000000000e+03 2.800000000000000000e+03 3.000000000000000000e+03 3.600000000000000000e+03 3.600000000000000000e+03
3.600000000000000000e+03 2.400000000000000000e+03 3.200000000000000000e+03 8.600000000000000000e+03 1.180000000000000000e+04 8.000000000000000000e+03 1.240000000000000000e+04 4.500000000000000000e+04 7.800000000000000000e+04 7.780000000000000000e+04 5.900000000000000000e+04 2.460000000000000000e+04 1.020000000000000000e+04 1.180000000000000000e+04 1.040000000000000000e+04 5.400000000000000000e+03 1.800000000000000000e+03 2.200000000000000000e+03 3.600000000000000000e+03 3.200000000000000000e+03 2.800000000000000000e+03
3.000000000000000000e+03 2.800000000000000000e+03 4.000000000000000000e+03 5.200000000000000000e+03 1.240000000000000000e+04 1.020000000000000000e+04 1.480000000000000000e+04 3.360000000000000000e+04 5.760000000000000000e+04 6.540000000000000000e+04 4.300000000000000000e+04 1.800000000000000000e+04 7.800000000000000000e+03 1.200000000000000000e+04 8.800000000000000000e+03 6.000000000000000000e+03 3.400000000000000000e+03 4.200000000000000000e+03 2.800000000000000000e+03 3.400000000000000000e+03 3.000000000000000000e+03
3.400000000000000000e+03 3.600000000000000000e+03 3.000000000000000000e+03 5.200000000000000000e+03 1.080000000000000000e+04 9.400000000000000000e+03 9.200000000000000000e+03 1.520000000000000000e+04 3.060000000000000000e+04 2.960000000000000000e+04 2.020000000000000000e+04 6.000000000000000000e+03 7.800000000000000000e+03 1.200000000000000000e+04 8.800000000000000000e+03 4.400000000000000000e+03 4.800000000000000000e+03 4.200000000000000000e+03 4.000000000000000000e+03 4.000000000000000000e+03 4.400000000000000000e+03
3.200000000000000000e+03 3.400000000000000000e+03 3.800000000000000000e+03 3.400000000000000000e+03 6.800000000000000000e+03 9.600000000000000000e+03 8.400000000000000000e+03 6.800000000000000000e+03 1.020000000000000000e+04 7.200000000000000000e+03 3.400000000000000000e+03 5.600000000000000000e+03 9.600000000000000000e+03 8.200000000000000000e+03 4.200000000000000000e+03 3.800000000000000000e+03 3.800000000000000000e+03 3.400000000000000000e+03 4.000000000000000000e+03 3.800000000000000000e+03 3.000000000000000000e+03
3.400000000000000000e+03 2.800000000000000000e+03 4.400000000000000000e+03 3.000000000000000000e+03 4.000000000000000000e+03 9.400000000000000000e+03 8.000000000000000000e+03 6.000000000000000000e+03 4.800000000000000000e+03 8.800000000000000000e+03 5.400000000000000000e+03 5.600000000000000000e+03 6.800000000000000000e+03 5.800000000000000000e+03 2.400000000000000000e+03 1.600000000000000000e+03 3.800000000000000000e+03 3.200000000000000000e+03 4.600000000000000000e+03 3.200000000000000000e+03 3.200000000000000000e+03
4.600000000000000000e+03 4.200000000000000000e+03 2.000000000000000000e+03 3.400000000000000000e+03 1.800000000000000000e+03 3.400000000000000000e+03 4.000000000000000000e+03 6.200000000000000000e+03 5.000000000000000000e+03 8.600000000000000000e+03 3.600000000000000000e+03 9.600000000000000000e+03 5.800000000000000000e+03 3.800000000000000000e+03 2.400000000000000000e+03 2.800000000000000000e+03 2.600000000000000000e+03 3.200000000000000000e+03 2.800000000000000000e+03 4.800000000000000000e+03 3.200000000000000000e+03
3.600000000000000000e+03 3.000000000000000000e+03 3.200000000000000000e+03 5.000000000000000000e+03 3.600000000000000000e+03 4.600000000000000000e+03 3.000000000000000000e+03 3.800000000000000000e+03 3.600000000000000000e+03 3.400000000000000000e+03 4.400000000000000000e+03 3.800000000000000000e+03 3.800000000000000000e+03 3.800000000000000000e+03 2.400000000000000000e+03 2.200000000000000000e+03 3.800000000000000000e+03 3.800000000000000000e+03 3.000000000000000000e+03 4.400000000000000000e+03 3.600000000000000000e+03
4.200000000000000000e+03 2.400000000000000000e+03 3.000000000000000000e+03 1.800000000000000000e+03 3.800000000000000000e+03 4.200000000000000000e+03 3.400000000000000000e+03 2.800000000000000000e+03 2.600000000000000000e+03 4.200000000000000000e+03 3.200000000000000000e+03 2.600000000000000000e+03 3.600000000000000000e+03 4.000000000000000000e+03 1.800000000000000000e+03 2.800000000000000000e+03 3.200000000000000000e+03 4.600000000000000000e+03 4.400000000000000000e+03 5.000000000000000000e+03 2.600000000000000000e+03
1.800000000000000000e+03 1.400000000000000000e+03 2.200000000000000000e+03 3.600000000000000000e+03 3.200000000000000000e+03 3.600000000000000000e+03 3.600000000000000000e+03 3.000000000000000000e+03 3.800000000000000000e+03 2.800000000000000000e+03 1.800000000000000000e+03 2.400000000000000000e+03 3.000000000000000000e+03 3.000000000000000000e+03 3.400000000000000000e+03 3.000000000000000000e+03 3.400000000000000000e+03 5.600000000000000000e+03 5.400000000000000000e+03 2.200000000000000000e+03 4.200000000000000000e+03
3.200000000000000000e+03 3.000000000000000000e+03 4.800000000000000000e+03 2.800000000000000000e+03 2.000000000000000000e+03 3.000000000000000000e+03 2.800000000000000000e+03 2.000000000000000000e+03 2.200000000000000000e+03 4.800000000000000000e+03 4.400000000000000000e+03 3.000000000000000000e+03 2.800000000000000000e+03 3.400000000000000000e+03 2.600000000000000000e+03 4.800000000000000000e+03 2.400000000000000000e+03 2.600000000000000000e+03 2.600000000000000000e+03 2.800000000000000000e+03 7.200000000000000000e+03
5.400000000000000000e+03 2.400000000000000000e+03 1.800000000000000000e+03 4.200000000000000000e+03 1.600000000000000000e+03 2.800000000000000000e+03 2.000000000000000000e+03 3.400000000000000000e+03 3.200000000000000000e+03 2.800000000000000000e+03 2.000000000000000000e+03 2.600000000000000000e+03 3.400000000000000000e+03 3.600000000000000000e+03 2.600000000000000000e+03 3.600000000000000000e+03 3.000000000000000000e+03 2.600000000000000000e+03 8.200000000000000000e+03 1.340000000000000000e+04 1.880000000000000000e+04
