2.000000000000000000e+03 1.600000000000000000e+03 1.200000000000000000e+03 1.600000000000000000e+03 2.000000000000000000e+03 1.800000000000000000e+03 2.800000000000000000e+03 2.200000000000000000e+03 2.800000000000000000e+03 3.800000000000000000e+03 3.400000000000000000e+03 2.200000000000000000e+03 1.600000000000000000e+03 2.400000000000000000e+03 2.000000000000000000e+03 1.600000000000000000e+03 2.600000000000000000e+03 2.800000000000000000e+03 1.400000000000000000e+03 3.000000000000000000e+03 8.000000000000000000e+02
1.600000000000000000e+03 1.000000000000000000e+03 1.600000000000000000e+03 1.600000000000000000e+03 2.600000000000000000e+03 3.000000000000000000e+03 2.000000000000000000e+03 2.400000000000000000e+03 3.400000000000000000e+03 2.200000000000000000e+03 2.800000000000000000e+03 3.000000000000000000e+03 1.200000000000000000e+03 1.400000000000000000e+03 2.000000000000000000e+03 1.400000000000000000e+03 1.400000000000000000e+03 1.200000000000000000e+03 1.400000000000000000e+03 1.800000000000000000e+03 1.200000000000000000e+03
1.200000000000000000e+03 2.400000000000000000e+03 8.000000000000000000e+02 1.800000000000000000e+03 2.000000000000000000e+03 3.200000000000000000e+03 3.000000000000000000e+03 3.400000000000000000e+03 4.000000000000000000e+03 3.000000000000000000e+03 4.000000000000000000e+03 2.400000000000000000e+03 2.000000000000000000e+03 2.800000000000000000e+03 2.000000000000000000e+03 2.400000000000000000e+03 1.800000000000000000e+03 2.800000000000000000e+03 2.200000000000000000e+03 3.200000000000000000e+03 4.000000000000000000e+03
2.400000000000000000e+03 2.800000000000000000e+03 3.000000000000000000e+03 2.600000000000000000e+03 1.200000000000000000e+03 2.800000000000000000e+03 3.600000000000000000e+03 2.200000000000000000e+03 2.800000000000000000e+03 2.800000000000000000e+03 2.200000000000000000e+03 2.800000000000000000e+03 2.600000000000000000e+03 2.600000000000000000e+03 2.000000000000000000e+03 1.000000000000000000e+03 2.400000000000000000e+03 2.200000000000000000e+03 2.000000000000000000e+03 1.200000000000000000e+03 1.800000000000000000e+03
2.000000000000000000e+03 1.800000000000000000e+03 2.600000000000000000e+03 3.400000000000000000e+03 2.800000000000000000e+03 3.400000000000000000e+03 1.800000000000000000e+03 3.200000000000000000e+03 3.200000000000000000e+03 3.000000000000000000e+03 4.400000000000000000e+03 3.400000000000000000e+03 1.800000000000000000e+03 3.200000000000000000e+03 2.800000000000000000e+03 1.600000000000000000e+03 1.600000000000000000e+03 1.200000000000000000e+03 1.200000000000000000e+03 4.200000000000000000e+03 1.800000000000000000e+03
3.200000000000000000e+03 3.400000000000000000e+03 3.800000000000000000e+03 4.600000000000000000e+03 2.800000000000000000e+03 3.200000000000000000e+03 3.000000000000000000e+03 2.000000000000000000e+03 4.600000000000000000e+03 3.400000000000000000e+03 4.800000000000000000e+03 3.000000000000000000e+03 3.200000000000000000e+03 2.000000000000000000e+03 2.400000000000000000e+03 3.200000000000000000e+03 2.800000000000000000e+03 2.200000000000000000e+03 6.000000000000000000e+02 2.400000000000000000e+03 2.400000000000000000e+03
2.800000000000000000e+03 2.600000000000000000e+03 3.000000000000000000e+03 5.000000000000000000e+03 4.600000000000000000e+03 5.000000000000000000e+03 5.200000000000000000e+03 3.400000000000000000e+03 2.200000000000000000e+03 4.800000000000000000e+03 2.600000000000000000e+03 2.200000000000000000e+03 3.600000000000000000e+03 3.400000000000000000e+03 2.800000000000000000e+03 3.200000000000000000e+03 8.000000000000000000e+02 3.600000000000000000e+03 1.600000000000000000e+03 2.200000000000000000e+03 2.200000000000000000e+03
2.000000000000000000e+03 2.400000000000000000e+03 5.000000000000000000e+03 4.000000000000000000e+03 4.200000000000000000e+03 3.800000000000000000e+03 2.400000000000000000e+03 3.600000000000000000e+03 5.400000000000000000e+03 3.000000000000000000e+03 4.000000000000000000e+03 2.200000000000000000e+03 2.400000000000000000e+03 1.600000000000000000e+03 4.600000000000000000e+03 4.000000000000000000e+03 2.600000000000000000e+03 3.200000000000000000e+03 1.800000000000000000e+03 1.600000000000000000e+03 2.200000000000000000e+03
2.800000000000000000e+03 1.000000000000000000e+03 2.600000000000000000e+03 4.600000000000000000e+03 4.800000000000000000e+03 4.200000000000000000e+03 3.400000000000000000e+03 5.400000000000000000e+03 1.200000000000000000e+04 1.260000000000000000e+04 1.140000000000000000e+04 6.400000000000000000e+03 3.000000000000000000e+03 1.400000000000000000e+03 2.400000000000000000e+03 3.000000000000000000e+03 3.400000000000000000e+03 3.000000000000000000e+03 1.800000000000000000e+03 2.600000000000000000e+03 2.800000000000000000e+03
3.400000000000000000e+03 2.400000000000000000e+03 3.000000000000000000e+03 5.600000000000000000e+03 3.000000000000000000e+03 4.000000000000000000e+03 3.200000000000000000e+03 1.440000000000000000e+04 2.740000000000000000e+04 3.240000000000000000e+04 2.880000000000000000e+04 2.040000000000000000e+04 6.600000000000000000e+03 3.200000000000000000e+03 3.600000000000000000e+03 4.000000000000000000e+03 2.200000000000000000e+03 2.400000000000000000e+03 3.000000000000000000e+03 2.600000000000000000e+03 2.000000000000000000e+03
2.600000000000000000e+03 2.400000000000000000e+03 5.600000000000000000e+03 7.000000000000000000e+03 4.400000000000000000e+03 3.800000000000000000e+03 4.600000000000000000e+03 2.240000000000000000e+04 4.320000000000000000e+04 5.920000000000000000e+04 4.640000000000000000e+04 4.140000000000000000e+04 1.500000000000000000e+04 3.000000000000000000e+03 1.800000000000000000e+03 3.400000000000000000e+03 4.600000000000000000e+03 2.600000000000000000e+03 1.800000000000000000e+03 2.000000000000000000e+03 1.200000000000000000e+03
3.000000000000000000e+03 3.000000000000000000e+03 4.400000000000000000e+03 4.400000000000000000e+03 7.600000000000000000e+03 8.000000000000000000e+02 5.400000000000000000e+03 2.480000000000000000e+04 4.720000000000000000e+04 6.160000000000000000e+04 5.940000000000000000e+04 5.500000000000000000e+04 2.100000000000000000e+04 6.000000000000000000e+03 2.600000000000000000e+03 5.400000000000000000e+03 2.600000000000000000e+03 1.400000000000000000e+03 1.600000000000000000e+03 2.200000000000000000e+03 2.000000000000000000e+03
1.600000000000000000e+03 2.600000000000000000e+03 4.400000000000000000e+03 3.600000000000000000e+03 6.200000000000000000e+03 2.800000000000000000e+03 3.400000000000000000e+03 1.960000000000000000e+04 3.820000000000000000e+04 4.740000000000000000e+04 5.660000000000000000e+04 4.220000000000000000e+04 1.500000000000000000e+04 2.600000000000000000e+03 3.400000000000000000e+03 3.400000000000000000e+03 2.800000000000000000e+03 3.000000000000000000e+03 1.600000000000000000e+03 2.800000000000000000e+03 2.000000000000000000e+03
2.000000000000000000e+03 1.400000000000000000e+03 3.000000000000000000e+03 2.800000000000000000e+03 4.000000000000000000e+03 4.000000000000000000e+03 2.200000000000000000e+03 8.800000000000000000e+03 2.620000000000000000e+04 3.460000000000000000e+04 3.500000000000000000e+04 2.480000000000000000e+04 1.240000000000000000e+04 2.000000000000000000e+03 2.400000000000000000e+03 6.000000000000000000e+03 2.400000000000000000e+03 2.400000000000000000e+03 2.200000000000000000e+03 1.600000000000000000e+03 1.800000000000000000e+03
2.800000000000000000e+03 2.400000000000000000e+03 2.000000000000000000e+03 2.800000000000000000e+03 3.400000000000000000e+03 6.000000000000000000e+03 4.400000000000000000e+03 2.600000000000000000e+03 7.800000000000000000e+03 1.300000000000000000e+04 1.480000000000000000e+04 9.000000000000000000e+03 4.800000000000000000e+03 3.000000000000000000e+03 4.400000000000000000e+03 2.600000000000000000e+03 2.200000000000000000e+03 3.200000000000000000e+03 1.600000000000000000e+03 2.200000000000000000e+03 1.000000000000000000e+03
2.200000000000000000e+03 2.400000000000000000e+03 3.800000000000000000e+03 3.200000000000000000e+03 4.000000000000000000e+03 3.400000000000000000e+03 1.400000000000000000e+03 2.800000000000000000e+03 2.400000000000000000e+03 3.000000000000000000e+03 2.600000000000000000e+03 2.800000000000000000e+03 4.000000000000000000e+03 3.400000000000000000e+03 4.400000000000000000e+03 3.800000000000000000e+03 2.000000000000000000e+03 1.600000000000000000e+03 1.600000000000000000e+03 2.800000000000000000e+03 1.000000000000000000e+03
2.200000000000000000e+03 1.200000000000000000e+03 2.600000000000000000e+03 1.600000000000000000e+03 3.800000000000000000e+03 4.200000000000000000e+03 3.200000000000000000e+03 3.000000000000000000e+03 2.800000000000000000e+03 3.200000000000000000e+03 2.600000000000000000e+03 2.200000000000000000e+03 3.200000000000000000e+03 3.600000000000000000e+03 2.000000000000000000e+03 2.800000000000000000e+03 3.400000000000000000e+03 2.600000000000000000e+03 2.400000000000000000e+03 1.800000000000000000e+03 1.000000000000000000e+03
3.000000000000000000e+03 3.200000000000000000e+03 3.600000000000000000e+03 1.800000000000000000e+03 3.200000000000000000e+03 4.000000000000000000e+03 3.400000000000000000e+03 3.600000000000000000e+03 2.600000000000000000e+03 3.600000000000000000e+03 3.600000000000000000e+03 2.000000000000000000e+03 2.400000000000000000e+03 1.800000000000000000e+03 2.200000000000000000e+03 2.800000000000000000e+03 2.800000000000000000e+03 2.200000000000000000e+03 1.800000000000000000e+03 2.800000000000000000e+03 2.800000000000000000e+03
2.400000000000000000e+03 3.800000000000000000e+03 4.200000000000000000e+03 3.400000000000000000e+03 4.200000000000000000e+03 1.600000000000000000e+03 2.600000000000000000e+03 2.600000000000000000e+03 3.400000000000000000e+03 1.600000000000000000e+03 2.800000000000000000e+03 2.000000000000000000e+03 2.200000000000000000e+03 1.800000000000000000e+03 2.800000000000000000e+03 1.200000000000000000e+03 2.000000000000000000e+03 2.400000000000000000e+03 2.000000000000000000e+03 3.200000000000000000e+03 4.400000000000000000e+03
3.000000000000000000e+03 2.000000000000000000e+03 2.800000000000000000e+03 2.200000000000000000e+03 1.600000000000000000e+03 1.000000000000000000e+03 1.600000000000000000e+03 2.200000000000000000e+03 2.200000000000000000e+03 2.800000000000000000e+03 3.600000000000000000e+03 2.400000000000000000e+03 3.600000000000000000e+03 3.000000000000000000e+03 2.000000000000000000e+03 1.800000000000000000e+03 2.400000000000000000e+03 1.800000000000000000e+03 2.400000000000000000e+03 1.800000000000000000e+03 2.200000000000000000e+03
3.000000000000000000e+03 2.600000000000000000e+03 3.400000000000000000e+03 1.800000000000000000e+03 2.400000000000000000e+03 2.800000000000000000e+03 1.800000000000000000e+03 2.600000000000000000e+03 1.800000000000000000e+03 3.200000000000000000e+03 2.400000000000000000e+03 2.800000000000000000e+03 3.400000000000000000e+03 2.400000000000000000e+03 2.600000000000000000e+03 2.400000000000000000e+03 2.800000000000000000e+03 2.000000000000000000e+03 2.600000000000000000e+03 1.600000000000000000e+03 2.400000000000000000e+03
