1.600000000000000000e+03 2.000000000000000000e+03 2.200000000000000000e+03 2.800000000000000000e+03 2.400000000000000000e+03 1.600000000000000000e+03 3.600000000000000000e+03 2.800000000000000000e+03 2.400000000000000000e+03 1.000000000000000000e+03 1.800000000000000000e+03 2.000000000000000000e+03 4.000000000000000000e+02 3.000000000000000000e+03 3.200000000000000000e+03 3.000000000000000000e+03 2.800000000000000000e+03 1.600000000000000000e+03 2.400000000000000000e+03 6.000000000000000000e+02 1.600000000000000000e+03
3.600000000000000000e+03 2.400000000000000000e+03 3.400000000000000000e+03 3.800000000000000000e+03 2.800000000000000000e+03 3.000000000000000000e+03 4.000000000000000000e+03 2.200000000000000000e+03 1.800000000000000000e+03 1.800000000000000000e+03 2.400000000000000000e+03 3.200000000000000000e+03 3.000000000000000000e+03 3.600000000000000000e+03 1.600000000000000000e+03 2.400000000000000000e+03 1.600000000000000000e+03 2.000000000000000000e+03 1.800000000000000000e+03 2.400000000000000000e+03 2.400000000000000000e+03
2.600000000000000000e+03 2.000000000000000000e+03 2.400000000000000000e+03 3.400000000000000000e+03 2.600000000000000000e+03 3.800000000000000000e+03 1.600000000000000000e+03 1.600000000000000000e+03 1.200000000000000000e+03 1.600000000000000000e+03 2.400000000000000000e+03 2.800000000000000000e+03 3.200000000000000000e+03 4.000000000000000000e+03 1.600000000000000000e+03 1.600000000000000000e+03 2.200000000000000000e+03 3.000000000000000000e+03 8.000000000000000000e+02 2.200000000000000000e+03 1.400000000000000000e+03
2.800000000000000000e+03 4.400000000000000000e+03 1.800000000000000000e+03 2.200000000000000000e+03 2.800000000000000000e+03 1.800000000000000000e+03 2.400000000000000000e+03 2.000000000000000000e+03 2.800000000000000000e+03 1.600000000000000000e+03 3.400000000000000000e+03 3.800000000000000000e+03 4.600000000000000000e+03 4.400000000000000000e+03 2.400000000000000000e+03 4.000000000000000000e+03 2.200000000000000000e+03 2.200000000000000000e+03 1.200000000000000000e+03 1.200000000000000000e+03 3.000000000000000000e+03
9.800000000000000000e+03 2.640000000000000000e+04 8.800000000000000000e+03 2.200000000000000000e+03 3.000000000000000000e+03 1.000000000000000000e+03 1.400000000000000000e+03 2.200000000000000000e+03 1.600000000000000000e+03 2.400000000000000000e+03 2.600000000000000000e+03 2.000000000000000000e+03 2.600000000000000000e+03 5.000000000000000000e+03 2.800000000000000000e+03 2.400000000000000000e+03 3.200000000000000000e+03 1.800000000000000000e+03 1.200000000000000000e+03 4.600000000000000000e+03 3.800000000000000000e+03
2.400000000000000000e+03 1.120000000000000000e+04 6.200000000000000000e+03 3.200000000000000000e+03 2.600000000000000000e+03 1.000000000000000000e+03 2.400000000000000000e+03 1.800000000000000000e+03 2.600000000000000000e+03 1.600000000000000000e+03 3.600000000000000000e+03 2.600000000000000000e+03 5.400000000000000000e+03 1.200000000000000000e+03 4.200000000000000000e+03 4.400000000000000000e+03 3.400000000000000000e+03 3.000000000000000000e+03 2.400000000000000000e+03 3.000000000000000000e+03 3.040000000000000000e+04
4.200000000000000000e+03 2.120000000000000000e+04 5.400000000000000000e+03 1.600000000000000000e+03 2.400000000000000000e+03 2.600000000000000000e+03 2.000000000000000000e+03 1.600000000000000000e+03 1.600000000000000000e+03 2.000000000000000000e+03 3.600000000000000000e+03 3.600000000000000000e+03 5.200000000000000000e+03 4.200000000000000000e+03 1.800000000000000000e+03 5.400000000000000000e+03 1.400000000000000000e+03 2.800000000000000000e+03 1.400000000000000000e+03 3.400000000000000000e+03 5.000000000000000000e+03
3.200000000000000000e+03 3.800000000000000000e+03 2.000000000000000000e+03 3.200000000000000000e+03 2.200000000000000000e+03 2.600000000000000000e+03 1.600000000000000000e+03 2.000000000000000000e+03 2.200000000000000000e+03 1.600000000000000000e+03 2.800000000000000000e+03 8.000000000000000000e+02 1.600000000000000000e+03 2.400000000000000000e+03 2.200000000000000000e+03 2.800000000000000000e+03 1.400000000000000000e+03 2.800000000000000000e+03 2.600000000000000000e+03 3.200000000000000000e+03 2.200000000000000000e+03
1.800000000000000000e+03 4.800000000000000000e+03 7.200000000000000000e+03 4.200000000000000000e+03 1.800000000000000000e+03 2.200000000000000000e+03 1.200000000000000000e+03 2.400000000000000000e+03 2.000000000000000000e+03 2.600000000000000000e+03 1.400000000000000000e+03 3.000000000000000000e+03 1.400000000000000000e+03 3.200000000000000000e+03 3.800000000000000000e+03 6.800000000000000000e+03 8.000000000000000000e+02 3.400000000000000000e+03 5.800000000000000000e+03 5.000000000000000000e+03 3.400000000000000000e+03
2.600000000000000000e+03 1.800000000000000000e+03 1.300000000000000000e+04 7.400000000000000000e+03 3.600000000000000000e+03 3.000000000000000000e+03 3.800000000000000000e+03 3.000000000000000000e+03 1.600000000000000000e+03 4.800000000000000000e+03 3.000000000000000000e+03 2.800000000000000000e+03 8.000000000000000000e+02 2.600000000000000000e+03 6.600000000000000000e+03 7.000000000000000000e+03 2.400000000000000000e+03 4.200000000000000000e+03 7.000000000000000000e+03 7.600000000000000000e+03 4.800000000000000000e+03
3.200000000000000000e+03 2.600000000000000000e+03 2.400000000000000000e+03 2.000000000000000000e+03 3.000000000000000000e+03 3.800000000000000000e+03 3.200000000000000000e+03 1.800000000000000000e+03 2.200000000000000000e+03 4.000000000000000000e+03 1.900000000000000000e+04 2.600000000000000000e+03 2.600000000000000000e+03 2.000000000000000000e+03 1.800000000000000000e+03 2.000000000000000000e+03 3.600000000000000000e+03 4.800000000000000000e+03 7.000000000000000000e+03 4.800000000000000000e+03 4.400000000000000000e+03
3.200000000000000000e+03 2.400000000000000000e+03 1.400000000000000000e+03 2.800000000000000000e+03 2.400000000000000000e+03 4.000000000000000000e+03 2.400000000000000000e+03 1.600000000000000000e+03 2.200000000000000000e+03 3.400000000000000000e+03 2.720000000000000000e+04 2.200000000000000000e+03 2.200000000000000000e+03 3.000000000000000000e+03 2.600000000000000000e+03 2.400000000000000000e+03 3.000000000000000000e+03 1.220000000000000000e+04 6.600000000000000000e+03 2.200000000000000000e+03 1.400000000000000000e+03
3.600000000000000000e+03 1.800000000000000000e+03 2.600000000000000000e+03 2.800000000000000000e+03 2.600000000000000000e+03 4.000000000000000000e+03 4.000000000000000000e+03 3.000000000000000000e+03 3.400000000000000000e+03 2.200000000000000000e+03 2.200000000000000000e+03 8.000000000000000000e+02 2.800000000000000000e+03 1.600000000000000000e+03 2.200000000000000000e+03 1.200000000000000000e+03 2.200000000000000000e+03 1.020000000000000000e+04 5.400000000000000000e+03 5.000000000000000000e+03 3.400000000000000000e+03
2.000000000000000000e+03 2.200000000000000000e+03 1.600000000000000000e+03 2.000000000000000000e+03 3.800000000000000000e+03 5.400000000000000000e+03 2.800000000000000000e+03 3.600000000000000000e+03 3.000000000000000000e+03 2.000000000000000000e+03 1.600000000000000000e+03 1.800000000000000000e+03 1.800000000000000000e+03 1.400000000000000000e+03 1.400000000000000000e+03 1.200000000000000000e+03 2.800000000000000000e+03 3.600000000000000000e+03 3.800000000000000000e+03 3.200000000000000000e+03 2.600000000000000000e+03
1.800000000000000000e+03 2.000000000000000000e+03 2.800000000000000000e+03 2.000000000000000000e+03 2.600000000000000000e+03 4.600000000000000000e+03 2.400000000000000000e+03 1.000000000000000000e+03 2.600000000000000000e+03 2.200000000000000000e+03 2.000000000000000000e+03 2.400000000000000000e+03 2.000000000000000000e+03 2.000000000000000000e+03 1.800000000000000000e+03 2.400000000000000000e+03 2.200000000000000000e+03 2.000000000000000000e+03 1.600000000000000000e+03 2.600000000000000000e+03 3.800000000000000000e+03
2.400000000000000000e+03 1.400000000000000000e+03 2.600000000000000000e+03 3.200000000000000000e+03 2.400000000000000000e+03 1.200000000000000000e+03 2.600000000000000000e+03 2.200000000000000000e+03 2.600000000000000000e+03 2.200000000000000000e+03 2.200000000000000000e+03 2.600000000000000000e+03 1.600000000000000000e+03 2.400000000000000000e+03 2.600000000000000000e+03 3.400000000000000000e+03 2.600000000000000000e+03 2.400000000000000000e+03 4.200000000000000000e+03 2.200000000000000000e+03 3.600000000000000000e+03
2.000000000000000000e+03 1.600000000000000000e+03 2.600000000000000000e+03 2.600000000000000000e+03 2.800000000000000000e+03 2.600000000000000000e+03 3.400000000000000000e+03 3.000000000000000000e+03 3.200000000000000000e+03 2.400000000000000000e+03 2.000000000000000000e+03 2.000000000000000000e+03 2.000000000000000000e+03 2.200000000000000000e+03 3.200000000000000000e+03 3.200000000000000000e+03 1.800000000000000000e+03 2.400000000000000000e+03 1.400000000000000000e+03 2.200000000000000000e+03 3.600000000000000000e+03
2.400000000000000000e+03 2.400000000000000000e+03 1.800000000000000000e+03 3.400000000000000000e+03 3.600000000000000000e+03 3.000000000000000000e+03 2.800000000000000000e+03 2.600000000000000000e+03 1.400000000000000000e+03 1.800000000000000000e+03 1.800000000000000000e+03 2.200000000000000000e+03 1.800000000000000000e+03 2.600000000000000000e+03 1.800000000000000000e+03 3.400000000000000000e+03 2.200000000000000000e+03 2.200000000000000000e+03 1.600000000000000000e+03 1.600000000000000000e+03 3.600000000000000000e+03
2.800000000000000000e+03 2.200000000000000000e+03 1.200000000000000000e+03 4.400000000000000000e+03 2.600000000000000000e+03 3.200000000000000000e+03 1.380000000000000000e+04 3.000000000000000000e+03 1.600000000000000000e+03 1.200000000000000000e+03 1.800000000000000000e+03 3.600000000000000000e+03 2.800000000000000000e+03 2.600000000000000000e+03 2.400000000000000000e+03 1.200000000000000000e+03 1.200000000000000000e+03 2.400000000000000000e+03 1.400000000000000000e+03 2.200000000000000000e+03 3.200000000000000000e+03
1.200000000000000000e+03 1.600000000000000000e+03 2.600000000000000000e+03 4.000000000000000000e+03 2.400000000000000000e+03 2.200000000000000000e+03 4.400000000000000000e+03 3.000000000000000000e+03 2.600000000000000000e+03 2.600000000000000000e+03 1.200000000000000000e+03 3.400000000000000000e+03 2.600000000000000000e+03 3.400000000000000000e+03 2.800000000000000000e+03 2.000000000000000000e+03 1.200000000000000000e+03 3.800000000000000000e+03 2.200000000000000000e+03 2.000000000000000000e+03 3.800000000000000000e+03
1.800000000000000000e+03 2.000000000000000000e+03 2.800000000000000000e+03 3.400000000000000000e+03 5.000000000000000000e+03 6.600000000000000000e+03 5.600000000000000000e+03 5.400000000000000000e+03 2.600000000000000000e+03 1.800000000000000000e+03 2.800000000000000000e+03 1.000000000000000000e+03 1.600000000000000000e+03 2.400000000000000000e+03 2.800000000000000000e+03 3.400000000000000000e+03 4.000000000000000000e+03 1.600000000000000000e+03 2.200000000000000000e+03 1.600000000000000000e+03 1.800000000000000000e+03
