8.897167600000000000e+10 1.572864000000000000e+08 2.752512000000000000e+08 1.572864000000000000e+08 1.966080000000000000e+08 1.966080000000000000e+08 1.835008000000000000e+08 1.703936000000000000e+08 1.966080000000000000e+08 1.835008000000000000e+08 1.703936000000000000e+08 1.310720000000000000e+08 9.175040000000000000e+07 2.097152000000000000e+08 2.359296000000000000e+08 1.441792000000000000e+08 2.097152000000000000e+08 2.752512000000000000e+08 1.703936000000000000e+08 1.048576000000000000e+08 1.310720000000000000e+08
1.703936000000000000e+08 9.175040000000000000e+07 1.703936000000000000e+08 1.835008000000000000e+08 1.703936000000000000e+08 1.441792000000000000e+08 1.441792000000000000e+08 1.179648000000000000e+08 1.310720000000000000e+08 1.048576000000000000e+08 7.864320000000000000e+07 1.441792000000000000e+08 1.441792000000000000e+08 2.359296000000000000e+08 1.966080000000000000e+08 1.703936000000000000e+08 1.703936000000000000e+08 1.441792000000000000e+08 9.175040000000000000e+07 1.048576000000000000e+08 1.310720000000000000e+08
1.703936000000000000e+08 1.048576000000000000e+08 1.703936000000000000e+08 9.175040000000000000e+07 1.179648000000000000e+08 1.441792000000000000e+08 7.864320000000000000e+07 1.048576000000000000e+08 1.310720000000000000e+08 1.179648000000000000e+08 2.621440000000000000e+08 1.966080000000000000e+08 1.179648000000000000e+08 1.572864000000000000e+08 1.310720000000000000e+08 1.835008000000000000e+08 1.310720000000000000e+08 1.572864000000000000e+08 1.572864000000000000e+08 1.572864000000000000e+08 1.966080000000000000e+08
2.228224000000000000e+08 2.752512000000000000e+08 9.175040000000000000e+07 1.703936000000000000e+08 1.048576000000000000e+08 7.864320000000000000e+07 7.864320000000000000e+07 1.441792000000000000e+08 1.179648000000000000e+08 1.179648000000000000e+08 1.966080000000000000e+08 2.228224000000000000e+08 1.310720000000000000e+08 3.670016000000000000e+08 1.310720000000000000e+08 1.966080000000000000e+08 1.310720000000000000e+08 1.835008000000000000e+08 1.441792000000000000e+08 1.966080000000000000e+08 1.835008000000000000e+08
4.456448000000000000e+08 9.961472000000000000e+08 3.145728000000000000e+08 1.703936000000000000e+08 7.864320000000000000e+07 1.703936000000000000e+08 1.835008000000000000e+08 9.175040000000000000e+07 5.242880000000000000e+07 1.310720000000000000e+08 1.310720000000000000e+08 9.175040000000000000e+07 2.359296000000000000e+08 3.014656000000000000e+08 1.835008000000000000e+08 1.703936000000000000e+08 1.572864000000000000e+08 1.048576000000000000e+08 1.835008000000000000e+08 2.621440000000000000e+08 2.359296000000000000e+08
2.752512000000000000e+08 9.961472000000000000e+08 3.145728000000000000e+08 1.179648000000000000e+08 9.175040000000000000e+07 1.703936000000000000e+08 1.179648000000000000e+08 1.179648000000000000e+08 1.048576000000000000e+08 1.572864000000000000e+08 2.228224000000000000e+08 1.441792000000000000e+08 1.703936000000000000e+08 1.310720000000000000e+08 2.752512000000000000e+08 1.835008000000000000e+08 2.359296000000000000e+08 2.097152000000000000e+08 1.572864000000000000e+08 1.441792000000000000e+08 1.179648000000000000e+09
2.228224000000000000e+08 9.306112000000000000e+08 2.883584000000000000e+08 1.835008000000000000e+08 5.242880000000000000e+07 1.179648000000000000e+08 1.179648000000000000e+08 1.048576000000000000e+08 1.572864000000000000e+08 1.048576000000000000e+08 1.441792000000000000e+08 1.966080000000000000e+08 2.490368000000000000e+08 2.752512000000000000e+08 3.014656000000000000e+08 1.572864000000000000e+08 2.752512000000000000e+08 1.179648000000000000e+08 1.572864000000000000e+08 1.966080000000000000e+08 1.218969600000000000e+09
2.359296000000000000e+08 6.684672000000000000e+08 1.703936000000000000e+08 9.175040000000000000e+07 2.097152000000000000e+08 1.441792000000000000e+08 1.703936000000000000e+08 9.175040000000000000e+07 1.179648000000000000e+08 7.864320000000000000e+07 7.864320000000000000e+07 1.703936000000000000e+08 3.014656000000000000e+08 2.752512000000000000e+08 2.621440000000000000e+08 4.063232000000000000e+08 6.553600000000000000e+07 1.703936000000000000e+08 1.179648000000000000e+08 1.703936000000000000e+08 2.097152000000000000e+08
1.572864000000000000e+08 1.966080000000000000e+08 2.490368000000000000e+08 1.966080000000000000e+08 7.864320000000000000e+07 2.359296000000000000e+08 1.179648000000000000e+08 1.441792000000000000e+08 1.835008000000000000e+08 2.097152000000000000e+08 2.097152000000000000e+08 1.572864000000000000e+08 3.932160000000000000e+07 1.835008000000000000e+08 3.538944000000000000e+08 2.883584000000000000e+08 7.864320000000000000e+07 1.441792000000000000e+08 4.718592000000000000e+08 3.932160000000000000e+08 2.097152000000000000e+08
9.175040000000000000e+07 1.703936000000000000e+08 4.456448000000000000e+08 5.767168000000000000e+08 1.310720000000000000e+08 2.228224000000000000e+08 1.835008000000000000e+08 1.572864000000000000e+08 1.703936000000000000e+08 1.835008000000000000e+08 2.490368000000000000e+08 1.572864000000000000e+08 1.835008000000000000e+08 1.048576000000000000e+08 3.538944000000000000e+08 5.111808000000000000e+08 2.228224000000000000e+08 3.407872000000000000e+08 3.145728000000000000e+08 3.407872000000000000e+08 3.145728000000000000e+08
1.835008000000000000e+08 1.310720000000000000e+08 4.849664000000000000e+08 3.407872000000000000e+08 1.966080000000000000e+08 3.145728000000000000e+08 1.966080000000000000e+08 2.228224000000000000e+08 1.179648000000000000e+08 1.572864000000000000e+08 1.179648000000000000e+09 1.703936000000000000e+08 1.179648000000000000e+08 1.835008000000000000e+08 1.835008000000000000e+08 3.538944000000000000e+08 1.441792000000000000e+08 2.752512000000000000e+08 2.621440000000000000e+08 3.670016000000000000e+08 3.407872000000000000e+08
7.864320000000000000e+07 1.572864000000000000e+08 1.179648000000000000e+08 1.703936000000000000e+08 1.966080000000000000e+08 1.966080000000000000e+08 1.703936000000000000e+08 2.097152000000000000e+08 1.048576000000000000e+08 1.835008000000000000e+08 1.376256000000000000e+09 1.572864000000000000e+08 2.097152000000000000e+08 1.441792000000000000e+08 1.703936000000000000e+08 1.441792000000000000e+08 1.703936000000000000e+08 4.849664000000000000e+08 3.670016000000000000e+08 1.179648000000000000e+08 2.097152000000000000e+08
1.179648000000000000e+08 1.703936000000000000e+08 1.048576000000000000e+08 6.553600000000000000e+07 2.490368000000000000e+08 1.310720000000000000e+08 2.752512000000000000e+08 2.097152000000000000e+08 1.703936000000000000e+08 2.228224000000000000e+08 5.898240000000000000e+08 1.179648000000000000e+08 9.175040000000000000e+07 1.179648000000000000e+08 1.835008000000000000e+08 1.048576000000000000e+08 2.490368000000000000e+08 7.864320000000000000e+08 4.980736000000000000e+08 1.179648000000000000e+08 6.553600000000000000e+07
1.703936000000000000e+08 1.703936000000000000e+08 1.572864000000000000e+08 1.703936000000000000e+08 1.441792000000000000e+08 2.097152000000000000e+08 2.752512000000000000e+08 1.441792000000000000e+08 2.228224000000000000e+08 1.572864000000000000e+08 1.441792000000000000e+08 6.553600000000000000e+07 1.572864000000000000e+08 1.179648000000000000e+08 7.864320000000000000e+07 3.014656000000000000e+08 2.490368000000000000e+08 3.014656000000000000e+08 1.966080000000000000e+08 1.703936000000000000e+08 2.097152000000000000e+08
1.310720000000000000e+08 1.703936000000000000e+08 1.572864000000000000e+08 9.175040000000000000e+07 1.835008000000000000e+08 1.966080000000000000e+08 1.179648000000000000e+08 2.621440000000000000e+08 1.179648000000000000e+08 1.048576000000000000e+08 9.175040000000000000e+07 9.175040000000000000e+07 1.310720000000000000e+08 2.228224000000000000e+08 1.703936000000000000e+08 1.703936000000000000e+08 1.572864000000000000e+08 1.835008000000000000e+08 1.703936000000000000e+08 1.835008000000000000e+08 1.572864000000000000e+08
9.175040000000000000e+07 1.441792000000000000e+08 9.175040000000000000e+07 1.703936000000000000e+08 9.175040000000000000e+07 2.359296000000000000e+08 2.097152000000000000e+08 1.966080000000000000e+08 9.175040000000000000e+07 1.703936000000000000e+08 1.572864000000000000e+08 1.441792000000000000e+08 1.179648000000000000e+08 9.175040000000000000e+07 1.441792000000000000e+08 1.310720000000000000e+08 1.441792000000000000e+08 1.966080000000000000e+08 1.572864000000000000e+08 1.179648000000000000e+08 1.835008000000000000e+08
1.441792000000000000e+08 1.441792000000000000e+08 1.966080000000000000e+08 2.097152000000000000e+08 1.703936000000000000e+08 1.048576000000000000e+08 9.175040000000000000e+07 1.048576000000000000e+08 1.048576000000000000e+08 5.242880000000000000e+07 1.572864000000000000e+08 1.966080000000000000e+08 1.048576000000000000e+08 1.703936000000000000e+08 1.441792000000000000e+08 2.490368000000000000e+08 1.703936000000000000e+08 1.441792000000000000e+08 1.048576000000000000e+08 1.441792000000000000e+08 3.014656000000000000e+08
1.966080000000000000e+08 5.242880000000000000e+07 1.572864000000000000e+08 1.048576000000000000e+08 1.703936000000000000e+08 1.441792000000000000e+08 9.175040000000000000e+07 2.228224000000000000e+08 1.310720000000000000e+08 2.490368000000000000e+08 1.310720000000000000e+08 2.359296000000000000e+08 1.179648000000000000e+08 1.048576000000000000e+08 1.703936000000000000e+08 1.572864000000000000e+08 1.835008000000000000e+08 1.966080000000000000e+08 1.572864000000000000e+08 1.441792000000000000e+08 2.883584000000000000e+08
1.048576000000000000e+08 9.175040000000000000e+07 1.441792000000000000e+08 2.490368000000000000e+08 1.310720000000000000e+08 2.097152000000000000e+08 4.456448000000000000e+08 3.276800000000000000e+08 2.097152000000000000e+08 9.175040000000000000e+07 1.441792000000000000e+08 1.048576000000000000e+08 1.703936000000000000e+08 1.310720000000000000e+08 1.703936000000000000e+08 1.048576000000000000e+08 1.310720000000000000e+08 1.572864000000000000e+08 1.572864000000000000e+08 1.179648000000000000e+08 1.835008000000000000e+08
7.864320000000000000e+07 6.553600000000000000e+07 9.175040000000000000e+07 1.966080000000000000e+08 1.048576000000000000e+08 1.441792000000000000e+08 4.063232000000000000e+08 2.359296000000000000e+08 1.310720000000000000e+08 1.310720000000000000e+08 7.864320000000000000e+07 1.310720000000000000e+08 1.441792000000000000e+08 9.175040000000000000e+07 7.864320000000000000e+07 3.932160000000000000e+07 1.572864000000000000e+08 1.703936000000000000e+08 2.097152000000000000e+08 2.359296000000000000e+08 1.179648000000000000e+08
1.572864000000000000e+08 1.966080000000000000e+08 1.966080000000000000e+08 2.097152000000000000e+08 1.966080000000000000e+08 2.228224000000000000e+08 1.966080000000000000e+08 2.097152000000000000e+08 2.621440000000000000e+08 1.310720000000000000e+08 1.441792000000000000e+08 2.490368000000000000e+08 1.966080000000000000e+08 1.179648000000000000e+08 1.703936000000000000e+08 1.966080000000000000e+08 2.359296000000000000e+08 2.621440000000000000e+08 1.179648000000000000e+08 1.441792000000000000e+08 1.310720000000000000e+08
