6.000000000000000000e+03 6.200000000000000000e+03 4.600000000000000000e+03 4.200000000000000000e+03 5.400000000000000000e+03 4.400000000000000000e+03 5.400000000000000000e+03 5.200000000000000000e+03 6.000000000000000000e+03 5.200000000000000000e+03 6.000000000000000000e+03 4.600000000000000000e+03 5.400000000000000000e+03 4.400000000000000000e+03 1.940000000000000000e+04 9.400000000000000000e+03 6.400000000000000000e+03 4.800000000000000000e+03 4.400000000000000000e+03 5.600000000000000000e+03 5.600000000000000000e+03
6.200000000000000000e+03 5.000000000000000000e+03 4.800000000000000000e+03 4.400000000000000000e+03 4.600000000000000000e+03 4.200000000000000000e+03 6.000000000000000000e+03 6.000000000000000000e+03 6.400000000000000000e+03 7.000000000000000000e+03 3.600000000000000000e+03 4.000000000000000000e+03 7.200000000000000000e+03 3.800000000000000000e+03 1.340000000000000000e+04 8.600000000000000000e+03 4.800000000000000000e+03 5.400000000000000000e+03 4.600000000000000000e+03 7.200000000000000000e+03 3.600000000000000000e+03
3.200000000000000000e+03 8.600000000000000000e+03 5.600000000000000000e+03 4.000000000000000000e+03 5.600000000000000000e+03 5.400000000000000000e+03 5.000000000000000000e+03 5.400000000000000000e+03 5.800000000000000000e+03 5.400000000000000000e+03 4.800000000000000000e+03 4.600000000000000000e+03 8.000000000000000000e+03 4.400000000000000000e+03 1.800000000000000000e+04 8.200000000000000000e+03 3.600000000000000000e+03 6.400000000000000000e+03 6.400000000000000000e+03 5.200000000000000000e+03 5.800000000000000000e+03
6.000000000000000000e+03 7.200000000000000000e+03 5.400000000000000000e+03 4.000000000000000000e+03 6.600000000000000000e+03 4.800000000000000000e+03 5.400000000000000000e+03 6.600000000000000000e+03 6.400000000000000000e+03 4.800000000000000000e+03 7.600000000000000000e+03 4.800000000000000000e+03 7.000000000000000000e+03 5.000000000000000000e+03 2.600000000000000000e+04 7.800000000000000000e+03 6.200000000000000000e+03 8.600000000000000000e+03 4.400000000000000000e+03 5.600000000000000000e+03 6.200000000000000000e+03
6.400000000000000000e+03 4.000000000000000000e+03 4.800000000000000000e+03 3.400000000000000000e+03 7.800000000000000000e+03 4.800000000000000000e+03 4.000000000000000000e+03 3.600000000000000000e+03 5.400000000000000000e+03 5.400000000000000000e+03 6.800000000000000000e+03 5.000000000000000000e+03 7.200000000000000000e+03 6.000000000000000000e+03 1.600000000000000000e+04 6.800000000000000000e+03 3.600000000000000000e+03 5.200000000000000000e+03 6.400000000000000000e+03 4.200000000000000000e+03 5.600000000000000000e+03
6.600000000000000000e+03 6.400000000000000000e+03 4.400000000000000000e+03 4.800000000000000000e+03 3.400000000000000000e+03 6.000000000000000000e+03 4.800000000000000000e+03 5.200000000000000000e+03 4.800000000000000000e+03 4.600000000000000000e+03 3.600000000000000000e+03 5.600000000000000000e+03 7.200000000000000000e+03 5.400000000000000000e+03 8.800000000000000000e+03 5.800000000000000000e+03 4.400000000000000000e+03 4.600000000000000000e+03 4.400000000000000000e+03 5.200000000000000000e+03 5.400000000000000000e+03
4.400000000000000000e+03 6.000000000000000000e+03 5.800000000000000000e+03 4.000000000000000000e+03 6.000000000000000000e+03 5.400000000000000000e+03 5.200000000000000000e+03 3.200000000000000000e+03 5.000000000000000000e+03 6.000000000000000000e+03 4.600000000000000000e+03 6.400000000000000000e+03 8.800000000000000000e+03 4.800000000000000000e+03 8.000000000000000000e+03 5.000000000000000000e+03 3.600000000000000000e+03 7.800000000000000000e+03 6.000000000000000000e+03 7.800000000000000000e+03 5.200000000000000000e+03
3.800000000000000000e+03 4.800000000000000000e+03 5.600000000000000000e+03 3.600000000000000000e+03 4.000000000000000000e+03 6.000000000000000000e+03 3.400000000000000000e+03 6.400000000000000000e+03 4.200000000000000000e+03 5.000000000000000000e+03 5.400000000000000000e+03 4.800000000000000000e+03 7.000000000000000000e+03 4.400000000000000000e+03 5.200000000000000000e+03 4.800000000000000000e+03 7.400000000000000000e+03 4.000000000000000000e+03 5.000000000000000000e+03 4.600000000000000000e+03 6.600000000000000000e+03
6.200000000000000000e+03 5.200000000000000000e+03 4.200000000000000000e+03 5.000000000000000000e+03 6.800000000000000000e+03 3.800000000000000000e+03 4.000000000000000000e+03 5.200000000000000000e+03 6.800000000000000000e+03 8.000000000000000000e+03 4.200000000000000000e+03 5.200000000000000000e+03 5.600000000000000000e+03 4.800000000000000000e+03 6.600000000000000000e+03 5.400000000000000000e+03 4.800000000000000000e+03 5.400000000000000000e+03 4.400000000000000000e+03 4.800000000000000000e+03 6.000000000000000000e+03
5.200000000000000000e+03 5.600000000000000000e+03 4.600000000000000000e+03 5.600000000000000000e+03 4.800000000000000000e+03 6.600000000000000000e+03 6.400000000000000000e+03 7.400000000000000000e+03 6.800000000000000000e+03 5.200000000000000000e+03 8.400000000000000000e+03 4.800000000000000000e+03 7.800000000000000000e+03 6.800000000000000000e+03 8.000000000000000000e+03 5.000000000000000000e+03 5.800000000000000000e+03 6.000000000000000000e+03 6.200000000000000000e+03 8.200000000000000000e+03 5.000000000000000000e+03
6.600000000000000000e+03 5.200000000000000000e+03 5.000000000000000000e+03 4.800000000000000000e+03 5.200000000000000000e+03 5.200000000000000000e+03 4.600000000000000000e+03 4.000000000000000000e+03 5.200000000000000000e+03 8.000000000000000000e+03 7.000000000000000000e+03 4.800000000000000000e+03 4.000000000000000000e+03 5.200000000000000000e+03 2.800000000000000000e+03 7.000000000000000000e+03 3.600000000000000000e+03 6.000000000000000000e+03 6.000000000000000000e+03 5.800000000000000000e+03 7.800000000000000000e+03
5.800000000000000000e+03 4.000000000000000000e+03 5.800000000000000000e+03 5.400000000000000000e+03 5.000000000000000000e+03 6.600000000000000000e+03 3.600000000000000000e+03 5.200000000000000000e+03 5.000000000000000000e+03 6.800000000000000000e+03 8.000000000000000000e+03 5.200000000000000000e+03 5.200000000000000000e+03 6.600000000000000000e+03 7.200000000000000000e+03 5.800000000000000000e+03 5.000000000000000000e+03 5.600000000000000000e+03 5.200000000000000000e+03 4.200000000000000000e+03 7.000000000000000000e+03
6.000000000000000000e+03 4.000000000000000000e+03 5.000000000000000000e+03 8.800000000000000000e+03 4.000000000000000000e+03 5.600000000000000000e+03 5.000000000000000000e+03 4.800000000000000000e+03 6.000000000000000000e+03 6.600000000000000000e+03 6.200000000000000000e+03 4.400000000000000000e+03 4.800000000000000000e+03 7.000000000000000000e+03 5.800000000000000000e+03 5.400000000000000000e+03 4.600000000000000000e+03 5.400000000000000000e+03 6.800000000000000000e+03 6.800000000000000000e+03 6.000000000000000000e+03
6.600000000000000000e+03 4.000000000000000000e+03 4.600000000000000000e+03 3.940000000000000000e+04 7.600000000000000000e+03 4.400000000000000000e+03 7.200000000000000000e+03 5.200000000000000000e+03 4.000000000000000000e+03 6.600000000000000000e+03 5.200000000000000000e+03 6.400000000000000000e+03 5.000000000000000000e+03 4.000000000000000000e+03 8.400000000000000000e+03 5.000000000000000000e+03 4.600000000000000000e+03 3.800000000000000000e+03 5.600000000000000000e+03 7.400000000000000000e+03 7.000000000000000000e+03
3.600000000000000000e+03 4.600000000000000000e+03 5.600000000000000000e+03 4.420000000000000000e+04 4.800000000000000000e+03 5.600000000000000000e+03 4.000000000000000000e+03 5.800000000000000000e+03 4.200000000000000000e+03 7.200000000000000000e+03 6.400000000000000000e+03 4.800000000000000000e+03 4.800000000000000000e+03 6.800000000000000000e+03 6.800000000000000000e+03 5.600000000000000000e+03 3.800000000000000000e+03 6.000000000000000000e+03 5.600000000000000000e+03 5.600000000000000000e+03 7.200000000000000000e+03
5.000000000000000000e+03 4.800000000000000000e+03 6.400000000000000000e+03 4.400000000000000000e+03 6.600000000000000000e+03 6.000000000000000000e+03 4.800000000000000000e+03 6.400000000000000000e+03 6.000000000000000000e+03 6.200000000000000000e+03 8.200000000000000000e+03 6.800000000000000000e+03 3.800000000000000000e+03 4.000000000000000000e+03 6.600000000000000000e+03 3.600000000000000000e+03 5.200000000000000000e+03 5.200000000000000000e+03 4.800000000000000000e+03 5.200000000000000000e+03 8.000000000000000000e+03
4.600000000000000000e+03 5.800000000000000000e+03 5.000000000000000000e+03 1.680000000000000000e+04 4.400000000000000000e+03 5.600000000000000000e+03 6.000000000000000000e+03 6.000000000000000000e+03 4.800000000000000000e+03 3.200000000000000000e+03 8.200000000000000000e+03 6.600000000000000000e+03 5.800000000000000000e+03 5.800000000000000000e+03 4.400000000000000000e+03 6.200000000000000000e+03 6.800000000000000000e+03 5.400000000000000000e+03 4.800000000000000000e+03 4.400000000000000000e+03 6.400000000000000000e+03
7.200000000000000000e+03 5.000000000000000000e+03 5.600000000000000000e+03 8.800000000000000000e+03 2.600000000000000000e+03 5.000000000000000000e+03 5.600000000000000000e+03 7.400000000000000000e+03 5.600000000000000000e+03 5.400000000000000000e+03 5.800000000000000000e+03 5.000000000000000000e+03 4.000000000000000000e+03 7.000000000000000000e+03 4.800000000000000000e+03 7.000000000000000000e+03 6.600000000000000000e+03 5.400000000000000000e+03 4.800000000000000000e+03 6.600000000000000000e+03 5.600000000000000000e+03
4.000000000000000000e+03 5.600000000000000000e+03 7.400000000000000000e+03 1.580000000000000000e+04 5.400000000000000000e+03 5.600000000000000000e+03 5.400000000000000000e+03 3.400000000000000000e+03 5.400000000000000000e+03 2.000000000000000000e+03 4.600000000000000000e+03 5.000000000000000000e+03 4.800000000000000000e+03 4.600000000000000000e+03 6.600000000000000000e+03 3.000000000000000000e+03 5.200000000000000000e+03 3.600000000000000000e+03 5.600000000000000000e+03 5.600000000000000000e+03 9.800000000000000000e+03
4.000000000000000000e+03 6.000000000000000000e+03 8.600000000000000000e+03 1.220000000000000000e+04 9.400000000000000000e+03 5.200000000000000000e+03 4.000000000000000000e+03 5.800000000000000000e+03 5.400000000000000000e+03 6.600000000000000000e+03 3.800000000000000000e+03 6.800000000000000000e+03 4.000000000000000000e+03 7.400000000000000000e+03 6.400000000000000000e+03 4.800000000000000000e+03 6.000000000000000000e+03 5.800000000000000000e+03 5.200000000000000000e+03 4.400000000000000000e+03 3.200000000000000000e+04
4.800000000000000000e+03 4.000000000000000000e+03 6.000000000000000000e+03 5.400000000000000000e+03 7.400000000000000000e+03 5.200000000000000000e+03 4.600000000000000000e+03 6.000000000000000000e+03 5.600000000000000000e+03 5.800000000000000000e+03 6.000000000000000000e+03 4.800000000000000000e+03 5.200000000000000000e+03 7.400000000000000000e+03 4.600000000000000000e+03 3.600000000000000000e+03 5.600000000000000000e+03 5.600000000000000000e+03 5.600000000000000000e+03 5.400000000000000000e+03 5.600000000000000000e+03
