5.800000000000000000e+03 5.800000000000000000e+03 7.000000000000000000e+03 8.400000000000000000e+03 9.200000000000000000e+03 8.000000000000000000e+03 8.200000000000000000e+03 8.200000000000000000e+03 6.200000000000000000e+03 5.800000000000000000e+03 5.800000000000000000e+03 4.800000000000000000e+03 9.200000000000000000e+03 6.000000000000000000e+03 7.600000000000000000e+03 6.400000000000000000e+03 7.000000000000000000e+03 1.180000000000000000e+04 7.400000000000000000e+03 7.200000000000000000e+03 9.000000000000000000e+03
9.200000000000000000e+03 7.400000000000000000e+03 6.800000000000000000e+03 6.600000000000000000e+03 6.000000000000000000e+03 6.000000000000000000e+03 6.400000000000000000e+03 7.800000000000000000e+03 8.400000000000000000e+03 8.800000000000000000e+03 7.400000000000000000e+03 7.600000000000000000e+03 6.200000000000000000e+03 6.800000000000000000e+03 6.400000000000000000e+03 7.600000000000000000e+03 7.000000000000000000e+03 7.600000000000000000e+03 6.000000000000000000e+03 1.160000000000000000e+04 7.400000000000000000e+03
8.200000000000000000e+03 6.600000000000000000e+03 8.800000000000000000e+03 9.000000000000000000e+03 8.600000000000000000e+03 8.000000000000000000e+03 8.000000000000000000e+03 8.000000000000000000e+03 7.800000000000000000e+03 7.600000000000000000e+03 7.600000000000000000e+03 6.400000000000000000e+03 7.400000000000000000e+03 4.800000000000000000e+03 7.400000000000000000e+03 7.600000000000000000e+03 7.000000000000000000e+03 1.020000000000000000e+04 7.800000000000000000e+03 8.200000000000000000e+03 7.400000000000000000e+03
8.600000000000000000e+03 1.000000000000000000e+04 9.800000000000000000e+03 8.400000000000000000e+03 7.200000000000000000e+03 6.800000000000000000e+03 5.000000000000000000e+03 5.400000000000000000e+03 6.800000000000000000e+03 7.800000000000000000e+03 6.600000000000000000e+03 8.400000000000000000e+03 4.400000000000000000e+03 8.800000000000000000e+03 7.400000000000000000e+03 6.600000000000000000e+03 8.000000000000000000e+03 7.600000000000000000e+03 8.600000000000000000e+03 8.600000000000000000e+03 7.800000000000000000e+03
9.400000000000000000e+03 1.060000000000000000e+04 1.060000000000000000e+04 1.220000000000000000e+04 1.000000000000000000e+04 8.600000000000000000e+03 7.200000000000000000e+03 7.800000000000000000e+03 6.800000000000000000e+03 5.000000000000000000e+03 7.000000000000000000e+03 8.400000000000000000e+03 7.200000000000000000e+03 7.200000000000000000e+03 7.800000000000000000e+03 1.080000000000000000e+04 9.200000000000000000e+03 8.800000000000000000e+03 7.800000000000000000e+03 6.600000000000000000e+03 8.000000000000000000e+03
1.240000000000000000e+04 1.220000000000000000e+04 1.120000000000000000e+04 1.180000000000000000e+04 7.600000000000000000e+03 7.400000000000000000e+03 4.400000000000000000e+03 9.200000000000000000e+03 8.200000000000000000e+03 5.200000000000000000e+03 8.800000000000000000e+03 5.800000000000000000e+03 7.600000000000000000e+03 8.400000000000000000e+03 6.200000000000000000e+03 7.800000000000000000e+03 7.200000000000000000e+03 7.800000000000000000e+03 7.000000000000000000e+03 8.800000000000000000e+03 7.400000000000000000e+03
1.100000000000000000e+04 1.060000000000000000e+04 1.060000000000000000e+04 1.020000000000000000e+04 1.080000000000000000e+04 9.600000000000000000e+03 4.200000000000000000e+03 1.020000000000000000e+04 6.600000000000000000e+03 5.600000000000000000e+03 5.000000000000000000e+03 5.200000000000000000e+03 1.000000000000000000e+04 6.600000000000000000e+03 8.800000000000000000e+03 4.800000000000000000e+03 8.200000000000000000e+03 9.200000000000000000e+03 9.200000000000000000e+03 9.200000000000000000e+03 7.400000000000000000e+03
1.060000000000000000e+04 1.340000000000000000e+04 1.520000000000000000e+04 1.000000000000000000e+04 7.800000000000000000e+03 7.800000000000000000e+03 8.400000000000000000e+03 8.200000000000000000e+03 6.400000000000000000e+03 5.400000000000000000e+03 7.200000000000000000e+03 7.600000000000000000e+03 5.400000000000000000e+03 8.200000000000000000e+03 6.400000000000000000e+03 8.800000000000000000e+03 6.000000000000000000e+03 9.000000000000000000e+03 8.400000000000000000e+03 9.200000000000000000e+03 6.000000000000000000e+03
9.400000000000000000e+03 9.200000000000000000e+03 8.800000000000000000e+03 1.140000000000000000e+04 7.000000000000000000e+03 8.600000000000000000e+03 7.800000000000000000e+03 8.000000000000000000e+03 7.800000000000000000e+03 6.000000000000000000e+03 7.600000000000000000e+03 7.800000000000000000e+03 8.000000000000000000e+03 5.200000000000000000e+03 9.000000000000000000e+03 9.400000000000000000e+03 6.800000000000000000e+03 1.040000000000000000e+04 8.800000000000000000e+03 8.200000000000000000e+03 7.800000000000000000e+03
6.800000000000000000e+03 9.600000000000000000e+03 8.600000000000000000e+03 1.000000000000000000e+04 9.000000000000000000e+03 7.200000000000000000e+03 6.600000000000000000e+03 6.000000000000000000e+03 7.600000000000000000e+03 7.000000000000000000e+03 7.000000000000000000e+03 7.200000000000000000e+03 5.000000000000000000e+03 5.600000000000000000e+03 6.000000000000000000e+03 8.400000000000000000e+03 8.600000000000000000e+03 9.200000000000000000e+03 7.200000000000000000e+03 7.200000000000000000e+03 8.200000000000000000e+03
1.100000000000000000e+04 1.020000000000000000e+04 6.200000000000000000e+03 6.400000000000000000e+03 6.800000000000000000e+03 6.600000000000000000e+03 5.600000000000000000e+03 6.600000000000000000e+03 6.400000000000000000e+03 7.400000000000000000e+03 6.600000000000000000e+03 9.000000000000000000e+03 7.800000000000000000e+03 6.800000000000000000e+03 6.400000000000000000e+03 7.400000000000000000e+03 6.200000000000000000e+03 9.400000000000000000e+03 6.800000000000000000e+03 7.200000000000000000e+03 7.200000000000000000e+03
6.800000000000000000e+03 7.600000000000000000e+03 6.400000000000000000e+03 7.600000000000000000e+03 5.800000000000000000e+03 7.200000000000000000e+03 7.200000000000000000e+03 6.200000000000000000e+03 6.000000000000000000e+03 8.200000000000000000e+03 6.000000000000000000e+03 6.200000000000000000e+03 6.800000000000000000e+03 7.600000000000000000e+03 7.600000000000000000e+03 5.000000000000000000e+03 6.600000000000000000e+03 7.800000000000000000e+03 7.400000000000000000e+03 6.600000000000000000e+03 7.800000000000000000e+03
7.200000000000000000e+03 7.200000000000000000e+03 7.200000000000000000e+03 7.800000000000000000e+03 6.800000000000000000e+03 5.800000000000000000e+03 6.200000000000000000e+03 7.600000000000000000e+03 6.800000000000000000e+03 7.400000000000000000e+03 5.000000000000000000e+03 5.400000000000000000e+03 6.000000000000000000e+03 6.600000000000000000e+03 5.800000000000000000e+03 9.200000000000000000e+03 6.600000000000000000e+03 6.400000000000000000e+03 8.200000000000000000e+03 8.200000000000000000e+03 9.800000000000000000e+03
7.600000000000000000e+03 7.400000000000000000e+03 6.800000000000000000e+03 7.400000000000000000e+03 8.800000000000000000e+03 6.200000000000000000e+03 6.800000000000000000e+03 6.200000000000000000e+03 7.800000000000000000e+03 9.800000000000000000e+03 8.800000000000000000e+03 7.600000000000000000e+03 6.000000000000000000e+03 6.600000000000000000e+03 7.200000000000000000e+03 6.400000000000000000e+03 6.600000000000000000e+03 6.200000000000000000e+03 8.200000000000000000e+03 8.200000000000000000e+03 8.600000000000000000e+03
5.800000000000000000e+03 8.800000000000000000e+03 7.400000000000000000e+03 6.000000000000000000e+03 7.200000000000000000e+03 6.200000000000000000e+03 7.200000000000000000e+03 8.800000000000000000e+03 7.200000000000000000e+03 6.800000000000000000e+03 8.400000000000000000e+03 7.000000000000000000e+03 7.200000000000000000e+03 6.200000000000000000e+03 8.400000000000000000e+03 7.600000000000000000e+03 1.000000000000000000e+04 8.600000000000000000e+03 6.400000000000000000e+03 9.400000000000000000e+03 7.800000000000000000e+03
6.800000000000000000e+03 7.200000000000000000e+03 5.400000000000000000e+03 8.800000000000000000e+03 7.200000000000000000e+03 8.200000000000000000e+03 6.600000000000000000e+03 6.600000000000000000e+03 7.800000000000000000e+03 6.400000000000000000e+03 6.000000000000000000e+03 7.400000000000000000e+03 5.400000000000000000e+03 1.040000000000000000e+04 9.200000000000000000e+03 8.800000000000000000e+03 8.400000000000000000e+03 7.600000000000000000e+03 8.400000000000000000e+03 8.400000000000000000e+03 7.600000000000000000e+03
5.800000000000000000e+03 8.200000000000000000e+03 5.600000000000000000e+03 5.000000000000000000e+03 8.400000000000000000e+03 8.600000000000000000e+03 5.600000000000000000e+03 8.400000000000000000e+03 4.200000000000000000e+03 5.600000000000000000e+03 8.200000000000000000e+03 7.000000000000000000e+03 8.400000000000000000e+03 6.400000000000000000e+03 7.800000000000000000e+03 9.400000000000000000e+03 8.800000000000000000e+03 8.400000000000000000e+03 6.800000000000000000e+03 8.000000000000000000e+03 7.800000000000000000e+03
6.400000000000000000e+03 6.400000000000000000e+03 7.000000000000000000e+03 8.000000000000000000e+03 5.800000000000000000e+03 7.600000000000000000e+03 4.800000000000000000e+03 5.800000000000000000e+03 7.800000000000000000e+03 6.000000000000000000e+03 8.200000000000000000e+03 9.000000000000000000e+03 8.200000000000000000e+03 5.600000000000000000e+03 6.400000000000000000e+03 8.400000000000000000e+03 7.400000000000000000e+03 6.800000000000000000e+03 9.600000000000000000e+03 8.000000000000000000e+03 9.000000000000000000e+03
6.200000000000000000e+03 8.000000000000000000e+03 1.000000000000000000e+04 6.000000000000000000e+03 7.000000000000000000e+03 6.000000000000000000e+03 6.600000000000000000e+03 7.400000000000000000e+03 7.200000000000000000e+03 7.800000000000000000e+03 5.200000000000000000e+03 6.200000000000000000e+03 8.400000000000000000e+03 6.800000000000000000e+03 8.400000000000000000e+03 8.000000000000000000e+03 5.600000000000000000e+03 6.400000000000000000e+03 9.200000000000000000e+03 8.400000000000000000e+03 8.200000000000000000e+03
7.400000000000000000e+03 6.200000000000000000e+03 6.800000000000000000e+03 8.400000000000000000e+03 6.400000000000000000e+03 7.600000000000000000e+03 6.800000000000000000e+03 6.000000000000000000e+03 7.000000000000000000e+03 6.000000000000000000e+03 8.000000000000000000e+03 6.400000000000000000e+03 4.800000000000000000e+03 6.600000000000000000e+03 6.400000000000000000e+03 8.000000000000000000e+03 4.800000000000000000e+03 5.600000000000000000e+03 7.400000000000000000e+03 7.400000000000000000e+03 6.000000000000000000e+03
8.400000000000000000e+03 1.100000000000000000e+04 7.800000000000000000e+03 5.400000000000000000e+03 7.800000000000000000e+03 4.600000000000000000e+03 5.000000000000000000e+03 8.800000000000000000e+03 7.200000000000000000e+03 7.800000000000000000e+03 6.800000000000000000e+03 6.800000000000000000e+03 6.000000000000000000e+03 5.800000000000000000e+03 5.200000000000000000e+03 7.200000000000000000e+03 6.800000000000000000e+03 7.800000000000000000e+03 5.800000000000000000e+03 6.800000000000000000e+03 8.600000000000000000e+03
