3.600000000000000000e+03 3.600000000000000000e+03 5.200000000000000000e+03 7.200000000000000000e+03 4.600000000000000000e+03 7.200000000000000000e+03 4.200000000000000000e+03 4.200000000000000000e+03 5.200000000000000000e+03 5.600000000000000000e+03 7.000000000000000000e+03 8.400000000000000000e+03 1.100000000000000000e+04 9.400000000000000000e+03 1.180000000000000000e+04 8.000000000000000000e+03 6.200000000000000000e+03 6.800000000000000000e+03 4.800000000000000000e+03 5.000000000000000000e+03 3.800000000000000000e+03
5.200000000000000000e+03 3.800000000000000000e+03 4.000000000000000000e+03 4.400000000000000000e+03 3.000000000000000000e+03 6.800000000000000000e+03 6.200000000000000000e+03 7.000000000000000000e+03 6.400000000000000000e+03 4.800000000000000000e+03 6.600000000000000000e+03 7.000000000000000000e+03 8.400000000000000000e+03 1.000000000000000000e+04 1.080000000000000000e+04 9.600000000000000000e+03 7.200000000000000000e+03 5.000000000000000000e+03 3.800000000000000000e+03 3.800000000000000000e+03 5.200000000000000000e+03
5.800000000000000000e+03 4.200000000000000000e+03 3.600000000000000000e+03 4.000000000000000000e+03 4.000000000000000000e+03 6.200000000000000000e+03 5.200000000000000000e+03 7.000000000000000000e+03 6.000000000000000000e+03 7.400000000000000000e+03 8.200000000000000000e+03 6.000000000000000000e+03 9.000000000000000000e+03 5.800000000000000000e+03 7.400000000000000000e+03 4.600000000000000000e+03 6.400000000000000000e+03 5.200000000000000000e+03 4.800000000000000000e+03 6.200000000000000000e+03 4.800000000000000000e+03
6.600000000000000000e+03 5.200000000000000000e+03 4.000000000000000000e+03 4.200000000000000000e+03 5.200000000000000000e+03 6.200000000000000000e+03 6.000000000000000000e+03 4.600000000000000000e+03 7.000000000000000000e+03 8.000000000000000000e+03 6.800000000000000000e+03 7.400000000000000000e+03 7.000000000000000000e+03 7.000000000000000000e+03 7.400000000000000000e+03 6.200000000000000000e+03 4.400000000000000000e+03 4.000000000000000000e+03 8.600000000000000000e+03 4.800000000000000000e+03 9.200000000000000000e+03
4.400000000000000000e+03 4.000000000000000000e+03 4.200000000000000000e+03 5.600000000000000000e+03 5.200000000000000000e+03 5.600000000000000000e+03 6.800000000000000000e+03 5.200000000000000000e+03 4.800000000000000000e+03 7.800000000000000000e+03 9.600000000000000000e+03 5.200000000000000000e+03 5.600000000000000000e+03 5.200000000000000000e+03 4.800000000000000000e+03 5.600000000000000000e+03 5.000000000000000000e+03 3.600000000000000000e+03 7.000000000000000000e+03 8.200000000000000000e+03 1.580000000000000000e+04
4.400000000000000000e+03 6.800000000000000000e+03 5.600000000000000000e+03 5.000000000000000000e+03 4.600000000000000000e+03 3.600000000000000000e+03 5.400000000000000000e+03 5.600000000000000000e+03 4.600000000000000000e+03 5.600000000000000000e+03 5.800000000000000000e+03 6.200000000000000000e+03 5.600000000000000000e+03 6.400000000000000000e+03 4.600000000000000000e+03 3.000000000000000000e+03 6.000000000000000000e+03 3.600000000000000000e+03 7.200000000000000000e+03 7.600000000000000000e+03 2.520000000000000000e+04
5.200000000000000000e+03 5.200000000000000000e+03 5.000000000000000000e+03 3.400000000000000000e+03 3.200000000000000000e+03 5.000000000000000000e+03 5.000000000000000000e+03 5.600000000000000000e+03 5.200000000000000000e+03 4.800000000000000000e+03 4.400000000000000000e+03 5.800000000000000000e+03 6.000000000000000000e+03 4.400000000000000000e+03 2.800000000000000000e+03 4.600000000000000000e+03 2.600000000000000000e+03 5.000000000000000000e+03 5.400000000000000000e+03 7.400000000000000000e+03 1.200000000000000000e+04
3.800000000000000000e+03 7.400000000000000000e+03 6.200000000000000000e+03 4.200000000000000000e+03 4.600000000000000000e+03 4.200000000000000000e+03 3.000000000000000000e+03 4.800000000000000000e+03 6.800000000000000000e+03 3.200000000000000000e+03 4.200000000000000000e+03 5.600000000000000000e+03 5.200000000000000000e+03 3.000000000000000000e+03 4.200000000000000000e+03 3.400000000000000000e+03 2.800000000000000000e+03 6.200000000000000000e+03 4.800000000000000000e+03 8.000000000000000000e+03 1.260000000000000000e+04
4.600000000000000000e+03 5.400000000000000000e+03 4.400000000000000000e+03 5.000000000000000000e+03 5.400000000000000000e+03 4.000000000000000000e+03 5.200000000000000000e+03 4.200000000000000000e+03 5.400000000000000000e+03 6.000000000000000000e+03 5.000000000000000000e+03 4.200000000000000000e+03 4.600000000000000000e+03 4.800000000000000000e+03 4.200000000000000000e+03 2.600000000000000000e+03 4.600000000000000000e+03 5.000000000000000000e+03 3.600000000000000000e+03 2.800000000000000000e+03 9.000000000000000000e+03
4.600000000000000000e+03 3.600000000000000000e+03 3.800000000000000000e+03 3.400000000000000000e+03 5.000000000000000000e+03 5.400000000000000000e+03 5.600000000000000000e+03 8.000000000000000000e+03 5.400000000000000000e+03 4.600000000000000000e+03 4.600000000000000000e+03 4.400000000000000000e+03 3.400000000000000000e+03 4.200000000000000000e+03 3.800000000000000000e+03 4.000000000000000000e+03 5.000000000000000000e+03 4.400000000000000000e+03 4.400000000000000000e+03 5.200000000000000000e+03 4.000000000000000000e+03
4.600000000000000000e+03 5.800000000000000000e+03 5.400000000000000000e+03 4.200000000000000000e+03 6.800000000000000000e+03 4.600000000000000000e+03 7.000000000000000000e+03 6.800000000000000000e+03 5.600000000000000000e+03 5.200000000000000000e+03 4.000000000000000000e+03 5.000000000000000000e+03 3.400000000000000000e+03 5.000000000000000000e+03 3.800000000000000000e+03 4.400000000000000000e+03 5.000000000000000000e+03 4.200000000000000000e+03 5.200000000000000000e+03 3.600000000000000000e+03 5.000000000000000000e+03
3.800000000000000000e+03 3.600000000000000000e+03 3.200000000000000000e+03 4.000000000000000000e+03 3.600000000000000000e+03 6.000000000000000000e+03 7.600000000000000000e+03 5.200000000000000000e+03 4.600000000000000000e+03 6.200000000000000000e+03 5.200000000000000000e+03 5.600000000000000000e+03 4.000000000000000000e+03 4.400000000000000000e+03 4.800000000000000000e+03 5.200000000000000000e+03 4.600000000000000000e+03 4.600000000000000000e+03 5.200000000000000000e+03 5.600000000000000000e+03 3.800000000000000000e+03
5.400000000000000000e+03 3.800000000000000000e+03 5.400000000000000000e+03 6.400000000000000000e+03 4.800000000000000000e+03 7.200000000000000000e+03 6.200000000000000000e+03 8.000000000000000000e+03 3.600000000000000000e+03 3.600000000000000000e+03 4.000000000000000000e+03 5.800000000000000000e+03 5.400000000000000000e+03 3.800000000000000000e+03 2.800000000000000000e+03 4.600000000000000000e+03 3.800000000000000000e+03 4.600000000000000000e+03 2.600000000000000000e+03 4.200000000000000000e+03 4.800000000000000000e+03
4.800000000000000000e+03 3.800000000000000000e+03 4.400000000000000000e+03 6.800000000000000000e+03 4.800000000000000000e+03 5.000000000000000000e+03 1.880000000000000000e+04 3.840000000000000000e+04 1.680000000000000000e+04 2.600000000000000000e+03 5.400000000000000000e+03 6.000000000000000000e+03 3.000000000000000000e+03 4.600000000000000000e+03 5.200000000000000000e+03 5.400000000000000000e+03 5.000000000000000000e+03 5.400000000000000000e+03 3.200000000000000000e+03 3.200000000000000000e+03 5.200000000000000000e+03
4.200000000000000000e+03 6.400000000000000000e+03 5.200000000000000000e+03 4.200000000000000000e+03 5.600000000000000000e+03 6.000000000000000000e+03 3.360000000000000000e+04 5.660000000000000000e+04 4.180000000000000000e+04 8.200000000000000000e+03 7.800000000000000000e+03 7.200000000000000000e+03 3.800000000000000000e+03 7.200000000000000000e+03 6.600000000000000000e+03 5.000000000000000000e+03 5.800000000000000000e+03 3.400000000000000000e+03 3.600000000000000000e+03 4.800000000000000000e+03 5.200000000000000000e+03
3.000000000000000000e+03 5.800000000000000000e+03 4.200000000000000000e+03 5.000000000000000000e+03 6.000000000000000000e+03 7.200000000000000000e+03 2.300000000000000000e+04 4.500000000000000000e+04 3.440000000000000000e+04 8.200000000000000000e+03 6.800000000000000000e+03 7.200000000000000000e+03 4.200000000000000000e+03 3.800000000000000000e+03 6.200000000000000000e+03 5.200000000000000000e+03 4.400000000000000000e+03 4.600000000000000000e+03 4.000000000000000000e+03 4.600000000000000000e+03 4.200000000000000000e+03
3.800000000000000000e+03 4.000000000000000000e+03 4.000000000000000000e+03 4.600000000000000000e+03 4.600000000000000000e+03 3.600000000000000000e+03 6.600000000000000000e+03 1.240000000000000000e+04 9.000000000000000000e+03 4.800000000000000000e+03 5.400000000000000000e+03 6.200000000000000000e+03 3.800000000000000000e+03 5.400000000000000000e+03 6.400000000000000000e+03 6.000000000000000000e+03 5.800000000000000000e+03 6.600000000000000000e+03 4.800000000000000000e+03 5.000000000000000000e+03 4.000000000000000000e+03
4.400000000000000000e+03 4.600000000000000000e+03 4.800000000000000000e+03 4.400000000000000000e+03 6.000000000000000000e+03 6.600000000000000000e+03 4.000000000000000000e+03 2.600000000000000000e+03 6.000000000000000000e+03 4.400000000000000000e+03 3.400000000000000000e+03 5.600000000000000000e+03 4.600000000000000000e+03 4.400000000000000000e+03 9.000000000000000000e+03 5.400000000000000000e+03 5.000000000000000000e+03 5.800000000000000000e+03 4.400000000000000000e+03 4.600000000000000000e+03 6.200000000000000000e+03
5.200000000000000000e+03 3.200000000000000000e+03 4.000000000000000000e+03 3.400000000000000000e+03 4.000000000000000000e+03 4.400000000000000000e+03 4.400000000000000000e+03 5.200000000000000000e+03 3.800000000000000000e+03 4.800000000000000000e+03 5.600000000000000000e+03 2.400000000000000000e+03 5.400000000000000000e+03 8.800000000000000000e+03 1.000000000000000000e+04 1.640000000000000000e+04 1.140000000000000000e+04 1.420000000000000000e+04 6.000000000000000000e+03 6.800000000000000000e+03 5.800000000000000000e+03
5.000000000000000000e+03 5.000000000000000000e+03 3.600000000000000000e+03 5.600000000000000000e+03 3.200000000000000000e+03 3.600000000000000000e+03 6.400000000000000000e+03 3.000000000000000000e+03 3.400000000000000000e+03 3.600000000000000000e+03 4.400000000000000000e+03 4.800000000000000000e+03 6.600000000000000000e+03 1.280000000000000000e+04 6.800000000000000000e+03 8.400000000000000000e+03 1.000000000000000000e+04 1.500000000000000000e+04 1.680000000000000000e+04 5.800000000000000000e+03 5.000000000000000000e+03
5.000000000000000000e+03 4.800000000000000000e+03 3.600000000000000000e+03 4.200000000000000000e+03 4.000000000000000000e+03 4.800000000000000000e+03 6.600000000000000000e+03 4.400000000000000000e+03 3.400000000000000000e+03 3.800000000000000000e+03 4.400000000000000000e+03 3.600000000000000000e+03 1.160000000000000000e+04 1.520000000000000000e+04 1.940000000000000000e+04 6.740000000000000000e+04 8.220000000000000000e+04 3.440000000000000000e+04 2.660000000000000000e+04 1.020000000000000000e+04 3.800000000000000000e+03
