3.381657600000000000e+09 2.752512000000000000e+08 3.801088000000000000e+08 3.276800000000000000e+08 4.194304000000000000e+08 5.111808000000000000e+08 4.849664000000000000e+08 5.767168000000000000e+08 4.849664000000000000e+08 3.932160000000000000e+08 4.194304000000000000e+08 1.572864000000000000e+08 2.228224000000000000e+08 3.932160000000000000e+08 2.359296000000000000e+08 3.670016000000000000e+08 3.407872000000000000e+08 4.980736000000000000e+08 3.932160000000000000e+08 3.014656000000000000e+08 3.014656000000000000e+08
2.228224000000000000e+08 2.097152000000000000e+08 2.883584000000000000e+08 4.587520000000000000e+08 2.752512000000000000e+08 3.538944000000000000e+08 3.014656000000000000e+08 2.621440000000000000e+08 2.752512000000000000e+08 2.752512000000000000e+08 3.407872000000000000e+08 3.407872000000000000e+08 3.538944000000000000e+08 4.456448000000000000e+08 3.407872000000000000e+08 2.097152000000000000e+08 2.883584000000000000e+08 1.966080000000000000e+08 2.621440000000000000e+08 2.490368000000000000e+08 3.407872000000000000e+08
2.228224000000000000e+08 2.490368000000000000e+08 3.014656000000000000e+08 3.407872000000000000e+08 3.014656000000000000e+08 1.835008000000000000e+08 1.703936000000000000e+08 2.883584000000000000e+08 3.014656000000000000e+08 2.228224000000000000e+08 2.097152000000000000e+08 3.670016000000000000e+08 3.145728000000000000e+08 4.063232000000000000e+08 3.145728000000000000e+08 4.063232000000000000e+08 2.752512000000000000e+08 3.145728000000000000e+08 2.883584000000000000e+08 2.883584000000000000e+08 3.801088000000000000e+08
4.194304000000000000e+08 6.291456000000000000e+08 3.145728000000000000e+08 2.752512000000000000e+08 2.097152000000000000e+08 1.835008000000000000e+08 2.097152000000000000e+08 2.621440000000000000e+08 1.966080000000000000e+08 3.014656000000000000e+08 3.538944000000000000e+08 4.194304000000000000e+08 4.325376000000000000e+08 4.587520000000000000e+08 2.359296000000000000e+08 4.325376000000000000e+08 2.359296000000000000e+08 2.752512000000000000e+08 3.407872000000000000e+08 2.883584000000000000e+08 3.932160000000000000e+08
6.553600000000000000e+08 1.913651200000000000e+09 6.684672000000000000e+08 2.490368000000000000e+08 3.276800000000000000e+08 3.407872000000000000e+08 2.752512000000000000e+08 1.835008000000000000e+08 2.359296000000000000e+08 2.228224000000000000e+08 5.505024000000000000e+08 2.752512000000000000e+08 5.505024000000000000e+08 6.160384000000000000e+08 4.194304000000000000e+08 3.932160000000000000e+08 2.228224000000000000e+08 1.966080000000000000e+08 3.407872000000000000e+08 4.718592000000000000e+08 6.160384000000000000e+08
7.077888000000000000e+08 1.952972800000000000e+09 7.471104000000000000e+08 2.359296000000000000e+08 2.752512000000000000e+08 2.752512000000000000e+08 2.621440000000000000e+08 2.883584000000000000e+08 1.835008000000000000e+08 1.966080000000000000e+08 3.801088000000000000e+08 3.145728000000000000e+08 5.505024000000000000e+08 3.932160000000000000e+08 2.621440000000000000e+08 4.325376000000000000e+08 2.621440000000000000e+08 3.276800000000000000e+08 2.883584000000000000e+08 4.587520000000000000e+08 2.555904000000000000e+09
3.801088000000000000e+08 1.350041600000000000e+09 6.422528000000000000e+08 2.097152000000000000e+08 1.966080000000000000e+08 2.228224000000000000e+08 2.097152000000000000e+08 2.359296000000000000e+08 3.276800000000000000e+08 2.228224000000000000e+08 3.407872000000000000e+08 3.670016000000000000e+08 4.980736000000000000e+08 3.932160000000000000e+08 5.373952000000000000e+08 4.325376000000000000e+08 3.670016000000000000e+08 2.752512000000000000e+08 3.932160000000000000e+08 2.621440000000000000e+08 2.608332800000000000e+09
5.111808000000000000e+08 1.245184000000000000e+09 5.111808000000000000e+08 2.359296000000000000e+08 1.703936000000000000e+08 2.883584000000000000e+08 2.097152000000000000e+08 3.014656000000000000e+08 3.014656000000000000e+08 4.194304000000000000e+08 2.621440000000000000e+08 2.490368000000000000e+08 5.111808000000000000e+08 5.898240000000000000e+08 4.456448000000000000e+08 3.407872000000000000e+08 2.883584000000000000e+08 3.014656000000000000e+08 3.538944000000000000e+08 4.325376000000000000e+08 3.538944000000000000e+08
2.359296000000000000e+08 3.407872000000000000e+08 6.029312000000000000e+08 5.767168000000000000e+08 2.883584000000000000e+08 2.228224000000000000e+08 2.490368000000000000e+08 2.228224000000000000e+08 2.752512000000000000e+08 2.883584000000000000e+08 2.883584000000000000e+08 3.276800000000000000e+08 2.359296000000000000e+08 3.932160000000000000e+08 5.767168000000000000e+08 4.980736000000000000e+08 4.063232000000000000e+08 2.228224000000000000e+08 4.325376000000000000e+08 6.684672000000000000e+08 3.670016000000000000e+08
2.752512000000000000e+08 4.194304000000000000e+08 1.179648000000000000e+09 1.232076800000000000e+09 3.145728000000000000e+08 3.145728000000000000e+08 2.490368000000000000e+08 2.359296000000000000e+08 2.359296000000000000e+08 3.801088000000000000e+08 3.407872000000000000e+08 3.145728000000000000e+08 3.407872000000000000e+08 2.228224000000000000e+08 7.340032000000000000e+08 6.553600000000000000e+08 2.621440000000000000e+08 5.636096000000000000e+08 5.767168000000000000e+08 5.767168000000000000e+08 7.471104000000000000e+08
3.407872000000000000e+08 3.145728000000000000e+08 9.568256000000000000e+08 8.650752000000000000e+08 4.063232000000000000e+08 4.980736000000000000e+08 4.194304000000000000e+08 3.538944000000000000e+08 3.670016000000000000e+08 4.456448000000000000e+08 2.739404800000000000e+09 3.801088000000000000e+08 3.014656000000000000e+08 2.883584000000000000e+08 6.422528000000000000e+08 4.718592000000000000e+08 5.767168000000000000e+08 7.208960000000000000e+08 7.602176000000000000e+08 8.388608000000000000e+08 5.636096000000000000e+08
3.145728000000000000e+08 2.621440000000000000e+08 2.097152000000000000e+08 3.407872000000000000e+08 5.242880000000000000e+08 4.325376000000000000e+08 4.587520000000000000e+08 3.538944000000000000e+08 2.883584000000000000e+08 5.242880000000000000e+08 2.922905600000000000e+09 3.014656000000000000e+08 2.097152000000000000e+08 3.538944000000000000e+08 1.835008000000000000e+08 2.621440000000000000e+08 4.587520000000000000e+08 1.232076800000000000e+09 7.471104000000000000e+08 5.242880000000000000e+08 2.883584000000000000e+08
4.063232000000000000e+08 3.932160000000000000e+08 3.014656000000000000e+08 2.359296000000000000e+08 3.014656000000000000e+08 4.194304000000000000e+08 3.801088000000000000e+08 2.228224000000000000e+08 3.014656000000000000e+08 3.145728000000000000e+08 5.636096000000000000e+08 3.407872000000000000e+08 2.490368000000000000e+08 3.014656000000000000e+08 3.014656000000000000e+08 2.359296000000000000e+08 2.621440000000000000e+08 1.520435200000000000e+09 1.022361600000000000e+09 5.767168000000000000e+08 3.538944000000000000e+08
3.014656000000000000e+08 3.407872000000000000e+08 2.490368000000000000e+08 2.621440000000000000e+08 3.801088000000000000e+08 4.194304000000000000e+08 4.194304000000000000e+08 3.538944000000000000e+08 3.014656000000000000e+08 3.276800000000000000e+08 2.621440000000000000e+08 2.490368000000000000e+08 2.097152000000000000e+08 2.621440000000000000e+08 3.145728000000000000e+08 2.490368000000000000e+08 3.801088000000000000e+08 5.636096000000000000e+08 5.242880000000000000e+08 3.145728000000000000e+08 4.587520000000000000e+08
2.228224000000000000e+08 2.883584000000000000e+08 2.228224000000000000e+08 1.966080000000000000e+08 2.228224000000000000e+08 4.194304000000000000e+08 2.097152000000000000e+08 3.276800000000000000e+08 3.670016000000000000e+08 3.801088000000000000e+08 2.097152000000000000e+08 2.359296000000000000e+08 2.752512000000000000e+08 3.670016000000000000e+08 2.359296000000000000e+08 2.883584000000000000e+08 2.228224000000000000e+08 3.932160000000000000e+08 4.063232000000000000e+08 5.505024000000000000e+08 3.407872000000000000e+08
2.752512000000000000e+08 1.572864000000000000e+08 2.490368000000000000e+08 3.014656000000000000e+08 4.194304000000000000e+08 3.932160000000000000e+08 2.490368000000000000e+08 2.359296000000000000e+08 2.621440000000000000e+08 2.621440000000000000e+08 3.145728000000000000e+08 9.175040000000000000e+07 4.325376000000000000e+08 2.883584000000000000e+08 2.359296000000000000e+08 3.145728000000000000e+08 2.228224000000000000e+08 3.670016000000000000e+08 3.145728000000000000e+08 6.029312000000000000e+08 2.097152000000000000e+08
2.490368000000000000e+08 3.276800000000000000e+08 3.407872000000000000e+08 2.228224000000000000e+08 3.932160000000000000e+08 3.014656000000000000e+08 3.145728000000000000e+08 2.883584000000000000e+08 3.014656000000000000e+08 3.145728000000000000e+08 2.621440000000000000e+08 2.490368000000000000e+08 2.621440000000000000e+08 2.490368000000000000e+08 2.359296000000000000e+08 3.801088000000000000e+08 2.621440000000000000e+08 3.538944000000000000e+08 2.752512000000000000e+08 2.490368000000000000e+08 4.194304000000000000e+08
1.966080000000000000e+08 3.145728000000000000e+08 3.145728000000000000e+08 3.407872000000000000e+08 4.456448000000000000e+08 4.194304000000000000e+08 3.670016000000000000e+08 4.587520000000000000e+08 2.490368000000000000e+08 3.276800000000000000e+08 3.670016000000000000e+08 2.097152000000000000e+08 2.883584000000000000e+08 2.752512000000000000e+08 3.407872000000000000e+08 3.670016000000000000e+08 3.014656000000000000e+08 2.228224000000000000e+08 3.932160000000000000e+08 2.752512000000000000e+08 3.670016000000000000e+08
2.359296000000000000e+08 4.063232000000000000e+08 1.966080000000000000e+08 3.670016000000000000e+08 3.145728000000000000e+08 3.538944000000000000e+08 5.767168000000000000e+08 7.471104000000000000e+08 3.407872000000000000e+08 2.359296000000000000e+08 3.145728000000000000e+08 2.752512000000000000e+08 3.276800000000000000e+08 1.835008000000000000e+08 3.407872000000000000e+08 2.752512000000000000e+08 3.407872000000000000e+08 2.490368000000000000e+08 3.145728000000000000e+08 2.621440000000000000e+08 3.014656000000000000e+08
2.359296000000000000e+08 1.966080000000000000e+08 1.835008000000000000e+08 3.407872000000000000e+08 3.276800000000000000e+08 3.801088000000000000e+08 5.505024000000000000e+08 4.718592000000000000e+08 4.718592000000000000e+08 3.145728000000000000e+08 2.883584000000000000e+08 3.276800000000000000e+08 3.538944000000000000e+08 3.014656000000000000e+08 3.670016000000000000e+08 2.097152000000000000e+08 2.359296000000000000e+08 1.703936000000000000e+08 4.194304000000000000e+08 1.835008000000000000e+08 2.621440000000000000e+08
3.407872000000000000e+08 2.490368000000000000e+08 3.014656000000000000e+08 6.553600000000000000e+08 4.063232000000000000e+08 4.063232000000000000e+08 7.602176000000000000e+08 5.767168000000000000e+08 4.718592000000000000e+08 2.752512000000000000e+08 2.883584000000000000e+08 2.752512000000000000e+08 2.752512000000000000e+08 2.621440000000000000e+08 3.407872000000000000e+08 4.325376000000000000e+08 3.932160000000000000e+08 4.456448000000000000e+08 2.621440000000000000e+08 3.276800000000000000e+08 2.490368000000000000e+08
