1.800000000000000000e+03 3.200000000000000000e+03 3.000000000000000000e+03 2.400000000000000000e+03 3.400000000000000000e+03 4.400000000000000000e+03 2.800000000000000000e+03 3.800000000000000000e+03 3.800000000000000000e+03 5.800000000000000000e+03 2.200000000000000000e+03 4.000000000000000000e+03 3.600000000000000000e+03 1.800000000000000000e+03 2.200000000000000000e+03 3.400000000000000000e+03 3.800000000000000000e+03 3.800000000000000000e+03 3.600000000000000000e+03 2.800000000000000000e+03 1.800000000000000000e+03
2.400000000000000000e+03 3.600000000000000000e+03 3.000000000000000000e+03 2.800000000000000000e+03 3.000000000000000000e+03 5.400000000000000000e+03 3.800000000000000000e+03 2.200000000000000000e+03 4.600000000000000000e+03 3.000000000000000000e+03 2.400000000000000000e+03 3.600000000000000000e+03 3.600000000000000000e+03 2.400000000000000000e+03 2.800000000000000000e+03 7.000000000000000000e+03 3.800000000000000000e+03 2.000000000000000000e+03 3.200000000000000000e+03 3.400000000000000000e+03 3.000000000000000000e+03
2.600000000000000000e+03 2.600000000000000000e+03 3.000000000000000000e+03 3.000000000000000000e+03 4.600000000000000000e+03 2.600000000000000000e+03 3.800000000000000000e+03 3.600000000000000000e+03 3.600000000000000000e+03 3.200000000000000000e+03 3.600000000000000000e+03 3.600000000000000000e+03 3.400000000000000000e+03 3.600000000000000000e+03 4.400000000000000000e+03 4.000000000000000000e+03 2.600000000000000000e+03 2.600000000000000000e+03 2.600000000000000000e+03 3.400000000000000000e+03 4.200000000000000000e+03
2.800000000000000000e+03 3.600000000000000000e+03 3.800000000000000000e+03 3.800000000000000000e+03 4.400000000000000000e+03 5.000000000000000000e+03 2.000000000000000000e+03 3.200000000000000000e+03 5.200000000000000000e+03 4.000000000000000000e+03 2.400000000000000000e+03 3.400000000000000000e+03 5.200000000000000000e+03 3.400000000000000000e+03 2.600000000000000000e+03 3.800000000000000000e+03 4.400000000000000000e+03 2.400000000000000000e+03 2.200000000000000000e+03 2.200000000000000000e+03 4.000000000000000000e+03
1.200000000000000000e+03 4.600000000000000000e+03 4.000000000000000000e+03 5.800000000000000000e+03 5.000000000000000000e+03 4.400000000000000000e+03 4.600000000000000000e+03 5.000000000000000000e+03 5.600000000000000000e+03 5.200000000000000000e+03 4.600000000000000000e+03 2.800000000000000000e+03 2.400000000000000000e+03 3.800000000000000000e+03 3.800000000000000000e+03 3.400000000000000000e+03 2.800000000000000000e+03 5.000000000000000000e+03 2.200000000000000000e+03 3.000000000000000000e+03 3.800000000000000000e+03
3.200000000000000000e+03 2.400000000000000000e+03 4.200000000000000000e+03 3.000000000000000000e+03 3.800000000000000000e+03 2.800000000000000000e+03 5.200000000000000000e+03 5.400000000000000000e+03 5.800000000000000000e+03 3.600000000000000000e+03 3.600000000000000000e+03 4.800000000000000000e+03 2.400000000000000000e+03 2.000000000000000000e+03 4.400000000000000000e+03 4.400000000000000000e+03 2.400000000000000000e+03 4.200000000000000000e+03 3.200000000000000000e+03 3.400000000000000000e+03 2.600000000000000000e+03
3.400000000000000000e+03 4.800000000000000000e+03 5.400000000000000000e+03 3.000000000000000000e+03 4.400000000000000000e+03 3.200000000000000000e+03 5.200000000000000000e+03 8.200000000000000000e+03 7.400000000000000000e+03 6.000000000000000000e+03 3.600000000000000000e+03 4.600000000000000000e+03 4.800000000000000000e+03 4.000000000000000000e+03 4.400000000000000000e+03 4.200000000000000000e+03 4.000000000000000000e+03 3.000000000000000000e+03 3.000000000000000000e+03 2.000000000000000000e+03 3.800000000000000000e+03
3.800000000000000000e+03 3.400000000000000000e+03 4.600000000000000000e+03 6.000000000000000000e+03 3.600000000000000000e+03 5.400000000000000000e+03 1.360000000000000000e+04 1.520000000000000000e+04 1.460000000000000000e+04 1.020000000000000000e+04 5.800000000000000000e+03 4.400000000000000000e+03 3.400000000000000000e+03 2.600000000000000000e+03 3.000000000000000000e+03 5.200000000000000000e+03 4.000000000000000000e+03 4.600000000000000000e+03 4.200000000000000000e+03 2.400000000000000000e+03 2.200000000000000000e+03
3.800000000000000000e+03 2.400000000000000000e+03 6.200000000000000000e+03 4.000000000000000000e+03 4.000000000000000000e+03 7.800000000000000000e+03 1.920000000000000000e+04 3.240000000000000000e+04 3.340000000000000000e+04 2.460000000000000000e+04 1.320000000000000000e+04 5.000000000000000000e+03 3.200000000000000000e+03 4.200000000000000000e+03 4.400000000000000000e+03 2.400000000000000000e+03 1.800000000000000000e+03 2.800000000000000000e+03 2.000000000000000000e+03 2.400000000000000000e+03 2.400000000000000000e+03
4.200000000000000000e+03 3.000000000000000000e+03 4.400000000000000000e+03 4.200000000000000000e+03 6.200000000000000000e+03 1.680000000000000000e+04 2.680000000000000000e+04 4.760000000000000000e+04 4.880000000000000000e+04 3.760000000000000000e+04 1.980000000000000000e+04 8.800000000000000000e+03 2.400000000000000000e+03 2.600000000000000000e+03 3.000000000000000000e+03 3.200000000000000000e+03 3.800000000000000000e+03 5.600000000000000000e+03 2.200000000000000000e+03 3.400000000000000000e+03 3.400000000000000000e+03
2.600000000000000000e+03 4.600000000000000000e+03 4.000000000000000000e+03 2.600000000000000000e+03 5.200000000000000000e+03 1.500000000000000000e+04 3.720000000000000000e+04 5.880000000000000000e+04 6.060000000000000000e+04 4.240000000000000000e+04 3.560000000000000000e+04 1.040000000000000000e+04 4.400000000000000000e+03 4.000000000000000000e+03 4.200000000000000000e+03 5.800000000000000000e+03 3.800000000000000000e+03 6.000000000000000000e+03 3.800000000000000000e+03 1.600000000000000000e+03 3.800000000000000000e+03
2.600000000000000000e+03 5.600000000000000000e+03 4.000000000000000000e+03 2.400000000000000000e+03 4.200000000000000000e+03 1.640000000000000000e+04 3.640000000000000000e+04 4.920000000000000000e+04 5.620000000000000000e+04 5.420000000000000000e+04 3.420000000000000000e+04 1.300000000000000000e+04 2.800000000000000000e+03 5.800000000000000000e+03 4.800000000000000000e+03 5.000000000000000000e+03 3.600000000000000000e+03 3.000000000000000000e+03 4.200000000000000000e+03 4.000000000000000000e+03 2.400000000000000000e+03
3.800000000000000000e+03 2.600000000000000000e+03 5.200000000000000000e+03 5.600000000000000000e+03 2.600000000000000000e+03 9.400000000000000000e+03 1.780000000000000000e+04 3.060000000000000000e+04 4.340000000000000000e+04 3.020000000000000000e+04 2.360000000000000000e+04 9.400000000000000000e+03 1.800000000000000000e+03 4.400000000000000000e+03 5.000000000000000000e+03 4.600000000000000000e+03 2.600000000000000000e+03 2.800000000000000000e+03 3.000000000000000000e+03 3.400000000000000000e+03 3.400000000000000000e+03
2.400000000000000000e+03 4.400000000000000000e+03 2.400000000000000000e+03 4.000000000000000000e+03 1.800000000000000000e+03 3.400000000000000000e+03 7.600000000000000000e+03 1.780000000000000000e+04 1.920000000000000000e+04 1.860000000000000000e+04 1.080000000000000000e+04 4.000000000000000000e+03 4.600000000000000000e+03 4.200000000000000000e+03 4.800000000000000000e+03 3.000000000000000000e+03 2.800000000000000000e+03 3.600000000000000000e+03 2.400000000000000000e+03 2.400000000000000000e+03 3.200000000000000000e+03
3.600000000000000000e+03 3.200000000000000000e+03 2.000000000000000000e+03 4.800000000000000000e+03 4.000000000000000000e+03 1.800000000000000000e+03 5.600000000000000000e+03 5.000000000000000000e+03 7.600000000000000000e+03 6.800000000000000000e+03 2.400000000000000000e+03 3.200000000000000000e+03 2.000000000000000000e+03 4.000000000000000000e+03 3.600000000000000000e+03 2.600000000000000000e+03 4.000000000000000000e+03 3.200000000000000000e+03 3.000000000000000000e+03 3.200000000000000000e+03 1.600000000000000000e+03
3.000000000000000000e+03 2.800000000000000000e+03 2.200000000000000000e+03 3.600000000000000000e+03 3.800000000000000000e+03 3.400000000000000000e+03 2.400000000000000000e+03 3.200000000000000000e+03 2.800000000000000000e+03 5.200000000000000000e+03 3.400000000000000000e+03 4.000000000000000000e+03 3.800000000000000000e+03 3.600000000000000000e+03 3.800000000000000000e+03 3.800000000000000000e+03 4.200000000000000000e+03 2.600000000000000000e+03 3.400000000000000000e+03 4.800000000000000000e+03 4.200000000000000000e+03
3.200000000000000000e+03 2.400000000000000000e+03 3.000000000000000000e+03 2.600000000000000000e+03 3.800000000000000000e+03 3.400000000000000000e+03 2.800000000000000000e+03 2.600000000000000000e+03 3.800000000000000000e+03 2.600000000000000000e+03 4.000000000000000000e+03 2.400000000000000000e+03 4.000000000000000000e+03 1.800000000000000000e+03 5.000000000000000000e+03 4.600000000000000000e+03 5.000000000000000000e+03 4.800000000000000000e+03 4.000000000000000000e+03 2.800000000000000000e+03 2.200000000000000000e+03
3.000000000000000000e+03 3.000000000000000000e+03 2.800000000000000000e+03 2.600000000000000000e+03 3.200000000000000000e+03 3.000000000000000000e+03 3.000000000000000000e+03 4.200000000000000000e+03 3.000000000000000000e+03 3.400000000000000000e+03 3.600000000000000000e+03 2.400000000000000000e+03 4.000000000000000000e+03 2.600000000000000000e+03 3.200000000000000000e+03 3.400000000000000000e+03 3.600000000000000000e+03 4.600000000000000000e+03 4.400000000000000000e+03 5.800000000000000000e+03 4.200000000000000000e+03
2.600000000000000000e+03 2.800000000000000000e+03 1.800000000000000000e+03 2.200000000000000000e+03 2.000000000000000000e+03 2.600000000000000000e+03 4.400000000000000000e+03 1.400000000000000000e+03 1.200000000000000000e+03 4.200000000000000000e+03 2.400000000000000000e+03 3.400000000000000000e+03 4.200000000000000000e+03 2.800000000000000000e+03 3.600000000000000000e+03 3.400000000000000000e+03 4.400000000000000000e+03 8.200000000000000000e+03 3.000000000000000000e+03 6.200000000000000000e+03 3.600000000000000000e+03
3.200000000000000000e+03 3.200000000000000000e+03 3.000000000000000000e+03 1.600000000000000000e+03 1.600000000000000000e+03 2.400000000000000000e+03 2.400000000000000000e+03 2.200000000000000000e+03 2.800000000000000000e+03 1.200000000000000000e+03 4.000000000000000000e+03 3.000000000000000000e+03 2.800000000000000000e+03 4.200000000000000000e+03 3.200000000000000000e+03 5.800000000000000000e+03 6.200000000000000000e+03 5.200000000000000000e+03 5.800000000000000000e+03 6.000000000000000000e+03 6.400000000000000000e+03
1.600000000000000000e+03 2.200000000000000000e+03 3.000000000000000000e+03 2.600000000000000000e+03 1.600000000000000000e+03 2.800000000000000000e+03 3.600000000000000000e+03 2.200000000000000000e+03 4.600000000000000000e+03 3.600000000000000000e+03 2.000000000000000000e+03 3.400000000000000000e+03 3.200000000000000000e+03 2.800000000000000000e+03 3.400000000000000000e+03 5.000000000000000000e+03 7.400000000000000000e+03 8.200000000000000000e+03 7.000000000000000000e+03 2.800000000000000000e+03 6.000000000000000000e+03
