7.400000000000000000e+03 7.600000000000000000e+03 6.800000000000000000e+03 8.000000000000000000e+03 4.600000000000000000e+03 5.000000000000000000e+03 4.400000000000000000e+03 8.200000000000000000e+03 6.400000000000000000e+03 3.800000000000000000e+03 4.800000000000000000e+03 6.000000000000000000e+03 6.800000000000000000e+03 3.800000000000000000e+03 5.800000000000000000e+03 5.800000000000000000e+03 4.800000000000000000e+03 2.400000000000000000e+03 5.800000000000000000e+03 5.800000000000000000e+03 4.800000000000000000e+03
4.200000000000000000e+03 9.600000000000000000e+03 7.000000000000000000e+03 6.600000000000000000e+03 7.200000000000000000e+03 4.400000000000000000e+03 6.000000000000000000e+03 4.400000000000000000e+03 3.800000000000000000e+03 5.800000000000000000e+03 5.200000000000000000e+03 5.000000000000000000e+03 4.200000000000000000e+03 5.000000000000000000e+03 6.200000000000000000e+03 6.400000000000000000e+03 4.800000000000000000e+03 3.600000000000000000e+03 4.200000000000000000e+03 6.800000000000000000e+03 5.400000000000000000e+03
7.600000000000000000e+03 6.400000000000000000e+03 6.800000000000000000e+03 4.800000000000000000e+03 5.600000000000000000e+03 6.600000000000000000e+03 7.000000000000000000e+03 8.400000000000000000e+03 6.000000000000000000e+03 6.400000000000000000e+03 4.800000000000000000e+03 3.800000000000000000e+03 6.400000000000000000e+03 5.600000000000000000e+03 6.200000000000000000e+03 4.200000000000000000e+03 2.400000000000000000e+03 4.600000000000000000e+03 5.200000000000000000e+03 3.800000000000000000e+03 4.800000000000000000e+03
6.200000000000000000e+03 6.000000000000000000e+03 6.200000000000000000e+03 6.400000000000000000e+03 6.600000000000000000e+03 7.800000000000000000e+03 6.800000000000000000e+03 6.400000000000000000e+03 4.000000000000000000e+03 3.800000000000000000e+03 5.800000000000000000e+03 5.800000000000000000e+03 5.000000000000000000e+03 4.200000000000000000e+03 5.600000000000000000e+03 6.600000000000000000e+03 7.400000000000000000e+03 5.600000000000000000e+03 5.400000000000000000e+03 5.200000000000000000e+03 5.000000000000000000e+03
9.400000000000000000e+03 5.600000000000000000e+03 5.000000000000000000e+03 7.200000000000000000e+03 5.800000000000000000e+03 6.200000000000000000e+03 6.200000000000000000e+03 5.000000000000000000e+03 6.000000000000000000e+03 4.000000000000000000e+03 6.600000000000000000e+03 6.200000000000000000e+03 5.200000000000000000e+03 5.000000000000000000e+03 4.000000000000000000e+03 5.600000000000000000e+03 4.200000000000000000e+03 4.800000000000000000e+03 4.000000000000000000e+03 4.400000000000000000e+03 3.200000000000000000e+03
5.400000000000000000e+03 7.200000000000000000e+03 7.400000000000000000e+03 6.800000000000000000e+03 8.000000000000000000e+03 4.200000000000000000e+03 6.600000000000000000e+03 6.800000000000000000e+03 5.000000000000000000e+03 3.400000000000000000e+03 4.800000000000000000e+03 4.400000000000000000e+03 6.600000000000000000e+03 5.600000000000000000e+03 6.000000000000000000e+03 5.400000000000000000e+03 4.000000000000000000e+03 4.600000000000000000e+03 2.800000000000000000e+03 5.000000000000000000e+03 6.000000000000000000e+03
8.200000000000000000e+03 8.400000000000000000e+03 1.160000000000000000e+04 9.000000000000000000e+03 1.140000000000000000e+04 9.800000000000000000e+03 1.000000000000000000e+04 5.200000000000000000e+03 5.400000000000000000e+03 4.400000000000000000e+03 4.400000000000000000e+03 3.800000000000000000e+03 6.400000000000000000e+03 5.600000000000000000e+03 6.400000000000000000e+03 5.200000000000000000e+03 4.400000000000000000e+03 4.600000000000000000e+03 5.400000000000000000e+03 4.800000000000000000e+03 3.800000000000000000e+03
8.000000000000000000e+03 1.140000000000000000e+04 1.060000000000000000e+04 2.120000000000000000e+04 2.180000000000000000e+04 1.620000000000000000e+04 1.420000000000000000e+04 1.280000000000000000e+04 6.600000000000000000e+03 5.400000000000000000e+03 3.600000000000000000e+03 4.000000000000000000e+03 4.400000000000000000e+03 4.400000000000000000e+03 4.400000000000000000e+03 5.600000000000000000e+03 3.400000000000000000e+03 4.600000000000000000e+03 5.800000000000000000e+03 4.600000000000000000e+03 6.800000000000000000e+03
1.140000000000000000e+04 1.360000000000000000e+04 2.760000000000000000e+04 3.080000000000000000e+04 2.960000000000000000e+04 3.000000000000000000e+04 2.260000000000000000e+04 1.980000000000000000e+04 1.220000000000000000e+04 7.600000000000000000e+03 4.800000000000000000e+03 6.000000000000000000e+03 3.400000000000000000e+03 5.000000000000000000e+03 9.400000000000000000e+03 6.200000000000000000e+03 6.800000000000000000e+03 5.400000000000000000e+03 8.000000000000000000e+03 4.800000000000000000e+03 4.200000000000000000e+03
1.620000000000000000e+04 1.640000000000000000e+04 3.720000000000000000e+04 3.940000000000000000e+04 4.280000000000000000e+04 4.320000000000000000e+04 4.220000000000000000e+04 3.180000000000000000e+04 1.880000000000000000e+04 1.220000000000000000e+04 7.000000000000000000e+03 4.800000000000000000e+03 3.800000000000000000e+03 5.200000000000000000e+03 5.800000000000000000e+03 4.400000000000000000e+03 6.800000000000000000e+03 6.000000000000000000e+03 5.000000000000000000e+03 4.400000000000000000e+03 5.200000000000000000e+03
1.580000000000000000e+04 3.000000000000000000e+04 4.300000000000000000e+04 5.140000000000000000e+04 5.080000000000000000e+04 5.360000000000000000e+04 5.600000000000000000e+04 3.780000000000000000e+04 2.380000000000000000e+04 1.740000000000000000e+04 7.800000000000000000e+03 4.800000000000000000e+03 5.400000000000000000e+03 5.200000000000000000e+03 5.200000000000000000e+03 4.400000000000000000e+03 7.800000000000000000e+03 5.000000000000000000e+03 5.600000000000000000e+03 3.600000000000000000e+03 5.600000000000000000e+03
2.020000000000000000e+04 3.160000000000000000e+04 4.580000000000000000e+04 5.540000000000000000e+04 6.120000000000000000e+04 5.460000000000000000e+04 5.120000000000000000e+04 4.660000000000000000e+04 3.040000000000000000e+04 1.880000000000000000e+04 8.200000000000000000e+03 6.000000000000000000e+03 7.200000000000000000e+03 5.600000000000000000e+03 6.400000000000000000e+03 6.800000000000000000e+03 4.600000000000000000e+03 5.200000000000000000e+03 7.800000000000000000e+03 6.000000000000000000e+03 3.000000000000000000e+03
2.040000000000000000e+04 3.460000000000000000e+04 4.640000000000000000e+04 6.420000000000000000e+04 5.920000000000000000e+04 5.440000000000000000e+04 5.620000000000000000e+04 4.360000000000000000e+04 3.300000000000000000e+04 1.880000000000000000e+04 9.800000000000000000e+03 3.800000000000000000e+03 5.200000000000000000e+03 6.800000000000000000e+03 6.600000000000000000e+03 6.400000000000000000e+03 8.000000000000000000e+03 6.000000000000000000e+03 4.400000000000000000e+03 3.400000000000000000e+03 3.600000000000000000e+03
2.020000000000000000e+04 2.400000000000000000e+04 4.640000000000000000e+04 5.560000000000000000e+04 5.840000000000000000e+04 5.360000000000000000e+04 5.340000000000000000e+04 4.460000000000000000e+04 2.700000000000000000e+04 1.740000000000000000e+04 1.220000000000000000e+04 4.600000000000000000e+03 4.800000000000000000e+03 5.200000000000000000e+03 6.200000000000000000e+03 7.000000000000000000e+03 5.600000000000000000e+03 6.800000000000000000e+03 4.800000000000000000e+03 4.800000000000000000e+03 4.000000000000000000e+03
1.520000000000000000e+04 2.380000000000000000e+04 3.560000000000000000e+04 4.620000000000000000e+04 4.900000000000000000e+04 5.200000000000000000e+04 4.700000000000000000e+04 3.600000000000000000e+04 2.860000000000000000e+04 1.260000000000000000e+04 6.200000000000000000e+03 4.000000000000000000e+03 5.000000000000000000e+03 5.200000000000000000e+03 6.800000000000000000e+03 9.400000000000000000e+03 6.200000000000000000e+03 6.000000000000000000e+03 5.200000000000000000e+03 5.600000000000000000e+03 3.400000000000000000e+03
1.160000000000000000e+04 1.740000000000000000e+04 2.680000000000000000e+04 3.480000000000000000e+04 3.520000000000000000e+04 3.780000000000000000e+04 3.120000000000000000e+04 2.540000000000000000e+04 1.840000000000000000e+04 8.000000000000000000e+03 7.800000000000000000e+03 5.800000000000000000e+03 5.800000000000000000e+03 7.800000000000000000e+03 7.200000000000000000e+03 5.400000000000000000e+03 5.600000000000000000e+03 4.400000000000000000e+03 7.000000000000000000e+03 5.400000000000000000e+03 3.200000000000000000e+03
6.800000000000000000e+03 1.400000000000000000e+04 1.820000000000000000e+04 2.420000000000000000e+04 2.380000000000000000e+04 2.300000000000000000e+04 2.280000000000000000e+04 1.500000000000000000e+04 1.240000000000000000e+04 9.200000000000000000e+03 7.200000000000000000e+03 2.200000000000000000e+03 4.600000000000000000e+03 6.800000000000000000e+03 7.000000000000000000e+03 5.400000000000000000e+03 8.200000000000000000e+03 3.800000000000000000e+03 5.000000000000000000e+03 6.000000000000000000e+03 4.400000000000000000e+03
8.600000000000000000e+03 6.600000000000000000e+03 1.080000000000000000e+04 1.400000000000000000e+04 1.680000000000000000e+04 1.920000000000000000e+04 1.480000000000000000e+04 1.080000000000000000e+04 9.600000000000000000e+03 4.200000000000000000e+03 4.600000000000000000e+03 4.800000000000000000e+03 5.400000000000000000e+03 8.000000000000000000e+03 7.600000000000000000e+03 8.000000000000000000e+03 6.200000000000000000e+03 5.400000000000000000e+03 4.000000000000000000e+03 4.600000000000000000e+03 4.200000000000000000e+03
5.200000000000000000e+03 5.000000000000000000e+03 6.200000000000000000e+03 1.120000000000000000e+04 9.400000000000000000e+03 9.400000000000000000e+03 5.200000000000000000e+03 7.800000000000000000e+03 5.400000000000000000e+03 4.000000000000000000e+03 4.800000000000000000e+03 5.200000000000000000e+03 7.800000000000000000e+03 7.000000000000000000e+03 6.000000000000000000e+03 5.800000000000000000e+03 6.200000000000000000e+03 5.000000000000000000e+03 3.600000000000000000e+03 4.400000000000000000e+03 6.000000000000000000e+03
7.000000000000000000e+03 6.200000000000000000e+03 6.000000000000000000e+03 4.000000000000000000e+03 6.000000000000000000e+03 7.200000000000000000e+03 7.200000000000000000e+03 3.600000000000000000e+03 4.200000000000000000e+03 3.000000000000000000e+03 4.400000000000000000e+03 4.800000000000000000e+03 7.400000000000000000e+03 6.000000000000000000e+03 6.600000000000000000e+03 4.000000000000000000e+03 4.800000000000000000e+03 5.800000000000000000e+03 5.200000000000000000e+03 5.600000000000000000e+03 5.000000000000000000e+03
6.200000000000000000e+03 5.800000000000000000e+03 4.400000000000000000e+03 4.600000000000000000e+03 6.000000000000000000e+03 5.800000000000000000e+03 4.600000000000000000e+03 2.400000000000000000e+03 5.400000000000000000e+03 4.600000000000000000e+03 5.000000000000000000e+03 4.600000000000000000e+03 5.400000000000000000e+03 3.400000000000000000e+03 5.400000000000000000e+03 4.600000000000000000e+03 4.600000000000000000e+03 3.800000000000000000e+03 4.200000000000000000e+03 4.600000000000000000e+03 5.200000000000000000e+03
