1.620000000000000000e+04 2.140000000000000000e+04 1.940000000000000000e+04 1.580000000000000000e+04 2.020000000000000000e+04 1.720000000000000000e+04 1.740000000000000000e+04 2.020000000000000000e+04 1.680000000000000000e+04 1.640000000000000000e+04 1.520000000000000000e+04 1.540000000000000000e+04 2.040000000000000000e+04 1.140000000000000000e+04 1.720000000000000000e+04 2.300000000000000000e+04 2.260000000000000000e+04 2.440000000000000000e+04 2.040000000000000000e+04 1.920000000000000000e+04 1.980000000000000000e+04
1.900000000000000000e+04 1.940000000000000000e+04 1.740000000000000000e+04 1.740000000000000000e+04 1.280000000000000000e+04 1.620000000000000000e+04 2.200000000000000000e+04 1.860000000000000000e+04 1.580000000000000000e+04 1.560000000000000000e+04 1.380000000000000000e+04 1.560000000000000000e+04 1.720000000000000000e+04 1.640000000000000000e+04 1.700000000000000000e+04 2.260000000000000000e+04 2.400000000000000000e+04 2.700000000000000000e+04 2.460000000000000000e+04 2.780000000000000000e+04 2.620000000000000000e+04
1.420000000000000000e+04 1.960000000000000000e+04 1.640000000000000000e+04 1.580000000000000000e+04 1.680000000000000000e+04 1.560000000000000000e+04 2.020000000000000000e+04 2.180000000000000000e+04 1.760000000000000000e+04 1.880000000000000000e+04 1.920000000000000000e+04 1.500000000000000000e+04 1.380000000000000000e+04 1.920000000000000000e+04 2.280000000000000000e+04 2.840000000000000000e+04 2.560000000000000000e+04 2.520000000000000000e+04 2.360000000000000000e+04 2.740000000000000000e+04 2.220000000000000000e+04
1.500000000000000000e+04 1.420000000000000000e+04 1.420000000000000000e+04 1.260000000000000000e+04 1.620000000000000000e+04 1.680000000000000000e+04 1.800000000000000000e+04 2.060000000000000000e+04 2.080000000000000000e+04 1.520000000000000000e+04 1.840000000000000000e+04 1.780000000000000000e+04 1.760000000000000000e+04 1.980000000000000000e+04 2.960000000000000000e+04 2.740000000000000000e+04 3.100000000000000000e+04 2.720000000000000000e+04 2.800000000000000000e+04 2.540000000000000000e+04 2.360000000000000000e+04
1.660000000000000000e+04 1.420000000000000000e+04 1.740000000000000000e+04 1.520000000000000000e+04 1.820000000000000000e+04 1.680000000000000000e+04 1.500000000000000000e+04 1.640000000000000000e+04 1.740000000000000000e+04 2.020000000000000000e+04 1.680000000000000000e+04 1.740000000000000000e+04 1.620000000000000000e+04 2.600000000000000000e+04 3.300000000000000000e+04 3.060000000000000000e+04 2.940000000000000000e+04 2.860000000000000000e+04 2.400000000000000000e+04 2.640000000000000000e+04 1.900000000000000000e+04
1.120000000000000000e+04 1.380000000000000000e+04 1.500000000000000000e+04 1.200000000000000000e+04 1.440000000000000000e+04 1.600000000000000000e+04 1.420000000000000000e+04 1.420000000000000000e+04 1.880000000000000000e+04 1.860000000000000000e+04 1.840000000000000000e+04 1.560000000000000000e+04 2.120000000000000000e+04 2.940000000000000000e+04 2.680000000000000000e+04 3.000000000000000000e+04 2.720000000000000000e+04 3.020000000000000000e+04 3.040000000000000000e+04 2.480000000000000000e+04 2.340000000000000000e+04
1.660000000000000000e+04 1.660000000000000000e+04 1.580000000000000000e+04 1.660000000000000000e+04 1.840000000000000000e+04 1.660000000000000000e+04 1.660000000000000000e+04 1.860000000000000000e+04 1.940000000000000000e+04 1.840000000000000000e+04 1.740000000000000000e+04 1.820000000000000000e+04 2.740000000000000000e+04 2.340000000000000000e+04 2.720000000000000000e+04 3.000000000000000000e+04 2.800000000000000000e+04 2.860000000000000000e+04 2.320000000000000000e+04 2.200000000000000000e+04 2.480000000000000000e+04
1.440000000000000000e+04 1.640000000000000000e+04 1.340000000000000000e+04 1.560000000000000000e+04 1.600000000000000000e+04 1.200000000000000000e+04 1.940000000000000000e+04 1.920000000000000000e+04 1.860000000000000000e+04 1.880000000000000000e+04 1.660000000000000000e+04 1.780000000000000000e+04 2.020000000000000000e+04 2.300000000000000000e+04 2.300000000000000000e+04 2.700000000000000000e+04 2.580000000000000000e+04 2.320000000000000000e+04 2.920000000000000000e+04 2.580000000000000000e+04 2.120000000000000000e+04
1.440000000000000000e+04 1.760000000000000000e+04 1.340000000000000000e+04 1.460000000000000000e+04 1.620000000000000000e+04 1.280000000000000000e+04 1.660000000000000000e+04 2.040000000000000000e+04 1.640000000000000000e+04 1.800000000000000000e+04 2.340000000000000000e+04 1.760000000000000000e+04 2.140000000000000000e+04 2.500000000000000000e+04 2.600000000000000000e+04 2.280000000000000000e+04 2.420000000000000000e+04 2.440000000000000000e+04 1.940000000000000000e+04 2.360000000000000000e+04 1.980000000000000000e+04
1.620000000000000000e+04 1.360000000000000000e+04 1.340000000000000000e+04 1.240000000000000000e+04 1.540000000000000000e+04 1.560000000000000000e+04 1.680000000000000000e+04 2.120000000000000000e+04 1.800000000000000000e+04 1.520000000000000000e+04 1.940000000000000000e+04 2.080000000000000000e+04 1.720000000000000000e+04 1.400000000000000000e+04 1.980000000000000000e+04 2.060000000000000000e+04 1.960000000000000000e+04 2.340000000000000000e+04 1.780000000000000000e+04 1.900000000000000000e+04 2.020000000000000000e+04
1.800000000000000000e+04 1.520000000000000000e+04 1.340000000000000000e+04 1.540000000000000000e+04 1.300000000000000000e+04 1.420000000000000000e+04 1.620000000000000000e+04 1.580000000000000000e+04 2.140000000000000000e+04 1.600000000000000000e+04 1.800000000000000000e+04 1.720000000000000000e+04 1.540000000000000000e+04 1.520000000000000000e+04 1.700000000000000000e+04 1.580000000000000000e+04 1.460000000000000000e+04 2.100000000000000000e+04 2.260000000000000000e+04 1.880000000000000000e+04 2.480000000000000000e+04
1.500000000000000000e+04 1.740000000000000000e+04 1.340000000000000000e+04 1.340000000000000000e+04 1.760000000000000000e+04 1.760000000000000000e+04 1.780000000000000000e+04 1.900000000000000000e+04 1.960000000000000000e+04 1.920000000000000000e+04 1.980000000000000000e+04 1.800000000000000000e+04 1.680000000000000000e+04 1.700000000000000000e+04 1.840000000000000000e+04 1.960000000000000000e+04 1.800000000000000000e+04 1.860000000000000000e+04 2.520000000000000000e+04 2.400000000000000000e+04 2.980000000000000000e+04
1.360000000000000000e+04 1.720000000000000000e+04 1.460000000000000000e+04 1.420000000000000000e+04 1.420000000000000000e+04 2.020000000000000000e+04 2.440000000000000000e+04 2.500000000000000000e+04 2.500000000000000000e+04 2.680000000000000000e+04 2.420000000000000000e+04 2.620000000000000000e+04 1.900000000000000000e+04 1.640000000000000000e+04 1.780000000000000000e+04 2.060000000000000000e+04 1.820000000000000000e+04 2.320000000000000000e+04 2.640000000000000000e+04 3.060000000000000000e+04 3.400000000000000000e+04
1.560000000000000000e+04 1.280000000000000000e+04 1.880000000000000000e+04 1.520000000000000000e+04 1.800000000000000000e+04 2.000000000000000000e+04 2.980000000000000000e+04 2.660000000000000000e+04 3.400000000000000000e+04 2.980000000000000000e+04 2.680000000000000000e+04 2.220000000000000000e+04 2.340000000000000000e+04 1.980000000000000000e+04 2.100000000000000000e+04 2.200000000000000000e+04 2.140000000000000000e+04 2.780000000000000000e+04 2.920000000000000000e+04 4.260000000000000000e+04 3.820000000000000000e+04
1.480000000000000000e+04 1.500000000000000000e+04 1.520000000000000000e+04 1.940000000000000000e+04 1.700000000000000000e+04 2.460000000000000000e+04 2.820000000000000000e+04 3.200000000000000000e+04 3.200000000000000000e+04 3.680000000000000000e+04 3.780000000000000000e+04 3.280000000000000000e+04 3.000000000000000000e+04 2.560000000000000000e+04 2.020000000000000000e+04 2.320000000000000000e+04 2.280000000000000000e+04 3.180000000000000000e+04 3.400000000000000000e+04 3.720000000000000000e+04 3.940000000000000000e+04
1.360000000000000000e+04 1.740000000000000000e+04 1.340000000000000000e+04 2.040000000000000000e+04 1.820000000000000000e+04 2.000000000000000000e+04 3.160000000000000000e+04 4.000000000000000000e+04 4.140000000000000000e+04 3.700000000000000000e+04 4.300000000000000000e+04 3.240000000000000000e+04 3.360000000000000000e+04 2.580000000000000000e+04 2.420000000000000000e+04 2.800000000000000000e+04 2.880000000000000000e+04 3.020000000000000000e+04 3.160000000000000000e+04 3.500000000000000000e+04 4.200000000000000000e+04
1.340000000000000000e+04 2.000000000000000000e+04 1.720000000000000000e+04 1.760000000000000000e+04 2.120000000000000000e+04 2.820000000000000000e+04 3.500000000000000000e+04 4.380000000000000000e+04 4.460000000000000000e+04 3.340000000000000000e+04 4.180000000000000000e+04 2.980000000000000000e+04 3.120000000000000000e+04 2.840000000000000000e+04 2.560000000000000000e+04 2.320000000000000000e+04 3.000000000000000000e+04 2.700000000000000000e+04 2.640000000000000000e+04 2.560000000000000000e+04 3.400000000000000000e+04
2.100000000000000000e+04 2.160000000000000000e+04 1.760000000000000000e+04 1.860000000000000000e+04 1.880000000000000000e+04 2.640000000000000000e+04 3.620000000000000000e+04 3.880000000000000000e+04 4.260000000000000000e+04 3.800000000000000000e+04 3.360000000000000000e+04 3.360000000000000000e+04 2.620000000000000000e+04 2.540000000000000000e+04 2.100000000000000000e+04 2.820000000000000000e+04 3.140000000000000000e+04 2.820000000000000000e+04 2.500000000000000000e+04 2.740000000000000000e+04 2.580000000000000000e+04
2.500000000000000000e+04 2.220000000000000000e+04 2.340000000000000000e+04 2.200000000000000000e+04 2.360000000000000000e+04 2.320000000000000000e+04 2.400000000000000000e+04 3.340000000000000000e+04 3.680000000000000000e+04 3.680000000000000000e+04 3.000000000000000000e+04 3.200000000000000000e+04 2.740000000000000000e+04 2.320000000000000000e+04 2.380000000000000000e+04 2.060000000000000000e+04 2.220000000000000000e+04 2.480000000000000000e+04 2.600000000000000000e+04 2.060000000000000000e+04 2.040000000000000000e+04
3.560000000000000000e+04 3.180000000000000000e+04 2.900000000000000000e+04 2.340000000000000000e+04 2.440000000000000000e+04 2.260000000000000000e+04 2.340000000000000000e+04 2.580000000000000000e+04 3.340000000000000000e+04 2.740000000000000000e+04 2.960000000000000000e+04 2.300000000000000000e+04 2.520000000000000000e+04 1.860000000000000000e+04 2.140000000000000000e+04 2.140000000000000000e+04 1.960000000000000000e+04 2.700000000000000000e+04 2.640000000000000000e+04 2.080000000000000000e+04 2.080000000000000000e+04
3.980000000000000000e+04 3.280000000000000000e+04 2.800000000000000000e+04 2.620000000000000000e+04 2.420000000000000000e+04 2.380000000000000000e+04 1.880000000000000000e+04 2.160000000000000000e+04 2.080000000000000000e+04 2.100000000000000000e+04 1.760000000000000000e+04 2.000000000000000000e+04 1.320000000000000000e+04 1.600000000000000000e+04 1.720000000000000000e+04 1.880000000000000000e+04 1.740000000000000000e+04 2.000000000000000000e+04 2.280000000000000000e+04 1.880000000000000000e+04 1.640000000000000000e+04
